% Version 1.00
%
%freq[Hz],re:Trc1_S11,im:Trc1_S11,re:Trc2_S11,im:Trc2_S11,
1.000000000000000E+008,9.992129283729487E-001,-2.218825487191887E-002,9.992129283729487E-001,-2.218825487191887E-002,
1.020931412693436E+008,9.993425626052842E-001,-2.267166840085533E-002,9.993425626052842E-001,-2.267166840085533E-002,
1.042300949424215E+008,9.990936462884478E-001,-2.315283529263732E-002,9.990936462884478E-001,-2.315283529263732E-002,
1.064117780747374E+008,9.992940982505604E-001,-2.361367903576512E-002,9.992940982505604E-001,-2.361367903576512E-002,
1.086391269170620E+008,9.991511656029896E-001,-2.428845427921120E-002,9.991511656029896E-001,-2.428845427921120E-002,
1.109130973172177E+008,9.991946208999261E-001,-2.483925436526451E-002,9.991946208999261E-001,-2.483925436526451E-002,
1.132346651302716E+008,9.993317328163482E-001,-2.514687940123024E-002,9.993317328163482E-001,-2.514687940123024E-002,
1.156048266373163E+008,9.990592045821456E-001,-2.596261720099395E-002,9.990592045821456E-001,-2.596261720099395E-002,
1.180245989730151E+008,9.991291667384240E-001,-2.646394592943990E-002,9.991291667384240E-001,-2.646394592943990E-002,
1.204950205620966E+008,9.990738508396990E-001,-2.688376195549254E-002,9.990738508396990E-001,-2.688376195549254E-002,
1.230171515649859E+008,9.990906646727849E-001,-2.742416743903264E-002,9.990906646727849E-001,-2.742416743903264E-002,
1.255920743327636E+008,9.991457945000477E-001,-2.794458269424077E-002,9.991457945000477E-001,-2.794458269424077E-002,
1.282208938716474E+008,9.991763694740087E-001,-2.856383201142341E-002,9.991763694740087E-001,-2.856383201142341E-002,
1.309047383171961E+008,9.991983130435053E-001,-2.907018217601405E-002,9.991983130435053E-001,-2.907018217601405E-002,
1.336447594184396E+008,9.991418449939123E-001,-2.977839827785565E-002,9.991418449939123E-001,-2.977839827785565E-002,
1.364421330321420E+008,9.992401099858508E-001,-3.058160015926314E-002,9.992401099858508E-001,-3.058160015926314E-002,
1.392980596274105E+008,9.991894139540439E-001,-3.106872879369108E-002,9.991894139540439E-001,-3.106872879369108E-002,
1.422137648008667E+008,9.989842130066124E-001,-3.173258999524670E-002,9.989842130066124E-001,-3.173258999524670E-002,
1.451904998026009E+008,9.989609174376714E-001,-3.242774132027176E-002,9.989609174376714E-001,-3.242774132027176E-002,
1.482295420731354E+008,9.989871326999702E-001,-3.296122297760955E-002,9.989871326999702E-001,-3.296122297760955E-002,
1.513321957916272E+008,9.990124650987016E-001,-3.354096239900469E-002,9.990124650987016E-001,-3.354096239900469E-002,
1.544997924355456E+008,9.989475632330815E-001,-3.447988064454917E-002,9.989475632330815E-001,-3.447988064454917E-002,
1.577336913520643E+008,9.987918358634184E-001,-3.524587685691678E-002,9.987918358634184E-001,-3.524587685691678E-002,
1.610352803414134E+008,9.988102692215208E-001,-3.581548647769394E-002,9.988102692215208E-001,-3.581548647769394E-002,
1.644059762524427E+008,9.987316740404272E-001,-3.658450000670711E-002,9.987316740404272E-001,-3.658450000670711E-002,
1.678472255906498E+008,9.988350159730893E-001,-3.739584698305469E-002,9.988350159730893E-001,-3.739584698305469E-002,
1.713605051389360E+008,9.986186103043144E-001,-3.805961138102371E-002,9.986186103043144E-001,-3.805961138102371E-002,
1.749473225913547E+008,9.984751608834490E-001,-3.889372823833442E-002,9.984751608834490E-001,-3.889372823833442E-002,
1.786092172001261E+008,9.984606302130710E-001,-3.968956287273506E-002,9.984606302130710E-001,-3.968956287273506E-002,
1.823477604361935E+008,9.986020457724477E-001,-4.054340927252119E-002,9.986020457724477E-001,-4.054340927252119E-002,
1.861645566636073E+008,9.985918799904228E-001,-4.124754526164548E-002,9.985918799904228E-001,-4.124754526164548E-002,
1.900612438280239E+008,9.984051019123451E-001,-4.210672452517030E-002,9.984051019123451E-001,-4.210672452517030E-002,
1.940394941596160E+008,9.983562443371616E-001,-4.294838307656648E-002,9.983562443371616E-001,-4.294838307656648E-002,
1.981010148906965E+008,9.982471735736282E-001,-4.372815190057296E-002,9.982471735736282E-001,-4.372815190057296E-002,
2.022475489883622E+008,9.981659583998925E-001,-4.475117059019433E-002,9.981659583998925E-001,-4.475117059019433E-002,
2.064808759024735E+008,9.981050889568559E-001,-4.559008253190237E-002,9.981050889568559E-001,-4.559008253190237E-002,
2.108028123292904E+008,9.981682564202455E-001,-4.674972732713334E-002,9.981682564202455E-001,-4.674972732713334E-002,
2.152152129910917E+008,9.979693425982757E-001,-4.756308618444289E-002,9.979693425982757E-001,-4.756308618444289E-002,
2.197199714321140E+008,9.979509051566813E-001,-4.859942786663994E-002,9.979509051566813E-001,-4.859942786663994E-002,
2.243190208311496E+008,9.978840032917925E-001,-4.944960576153459E-002,9.978840032917925E-001,-4.944960576153459E-002,
2.290143348311539E+008,9.977438040745603E-001,-5.060206592931621E-002,9.977438040745603E-001,-5.060206592931621E-002,
2.338079283862175E+008,9.977860786360779E-001,-5.160303460131855E-002,9.977860786360779E-001,-5.160303460131855E-002,
2.387018586262668E+008,9.976110017785658E-001,-5.289427467777273E-002,9.976110017785658E-001,-5.289427467777273E-002,
2.436982257398635E+008,9.975950333663007E-001,-5.393544781750055E-002,9.975950333663007E-001,-5.393544781750055E-002,
2.487991738754827E+008,9.974024507362718E-001,-5.517363517911072E-002,9.974024507362718E-001,-5.517363517911072E-002,
2.540068920616564E+008,9.972525214167696E-001,-5.631926919163539E-002,9.972525214167696E-001,-5.631926919163539E-002,
2.593236151463760E+008,9.971537824611951E-001,-5.767857809296056E-002,9.971537824611951E-001,-5.767857809296056E-002,
2.647516247561587E+008,9.969795412430997E-001,-5.869853823522486E-002,9.969795412430997E-001,-5.869853823522486E-002,
2.702932502751876E+008,9.969635460855081E-001,-6.011820879735901E-002,9.969635460855081E-001,-6.011820879735901E-002,
2.759508698449477E+008,9.968060077214477E-001,-6.131214378532487E-002,9.968060077214477E-001,-6.131214378532487E-002,
2.817269113847850E+008,9.966467416658682E-001,-6.270109656998801E-002,9.966467416658682E-001,-6.270109656998801E-002,
2.876238536338270E+008,9.965998134153871E-001,-6.414625832617776E-002,9.965998134153871E-001,-6.414625832617776E-002,
2.936442272147132E+008,9.964892470866862E-001,-6.531257299911730E-002,9.964892470866862E-001,-6.531257299911730E-002,
2.997906157195895E+008,9.963891787745052E-001,-6.672090931054518E-002,9.963891787745052E-001,-6.672090931054518E-002,
3.060656568188355E+008,9.961975804562608E-001,-6.797286589950737E-002,9.961975804562608E-001,-6.797286589950737E-002,
3.124720433929982E+008,9.960741475742494E-001,-6.945099745920849E-002,9.960741475742494E-001,-6.945099745920849E-002,
3.190125246884183E+008,9.958715731755183E-001,-7.085138833596688E-002,9.958715731755183E-001,-7.085138833596688E-002,
3.256899074970465E+008,9.957945495235836E-001,-7.245383564959708E-002,9.957945495235836E-001,-7.245383564959708E-002,
3.325070573609542E+008,9.955954086822855E-001,-7.376815674176025E-002,9.955954086822855E-001,-7.376815674176025E-002,
3.394668998020564E+008,9.953247472241844E-001,-7.538140057719202E-002,9.953247472241844E-001,-7.538140057719202E-002,
3.465724215775746E+008,9.951326319343460E-001,-7.692246062045058E-002,9.951326319343460E-001,-7.692246062045058E-002,
3.538266719617783E+008,9.949515549768784E-001,-7.850900962732814E-002,9.949515549768784E-001,-7.850900962732814E-002,
3.612327640545553E+008,9.947452166524826E-001,-8.006543387918129E-002,9.947452166524826E-001,-8.006543387918129E-002,
3.687938761173719E+008,9.945597639292159E-001,-8.166704117499904E-002,9.945597639292159E-001,-8.166704117499904E-002,
3.765132529371966E+008,9.942422292444368E-001,-8.331223168587928E-002,9.942422292444368E-001,-8.331223168587928E-002,
3.843942072189731E+008,9.940420279813707E-001,-8.501101770699149E-002,9.940420279813707E-001,-8.501101770699149E-002,
3.924401210072396E+008,9.937030953562429E-001,-8.680832642101982E-002,9.937030953562429E-001,-8.680832642101982E-002,
4.006544471375042E+008,9.934899993411169E-001,-8.853053538574709E-002,9.934899993411169E-001,-8.853053538574709E-002,
4.090407107179998E+008,9.931382175981385E-001,-9.041677111564109E-002,9.931382175981385E-001,-9.041677111564109E-002,
4.176025106424546E+008,9.928495270227501E-001,-9.243556736771688E-002,9.928495270227501E-001,-9.243556736771688E-002,
4.263435211345269E+008,9.925853451851479E-001,-9.443811638672632E-002,9.925853451851479E-001,-9.443811638672632E-002,
4.352674933245664E+008,9.922793845939184E-001,-9.638237067916258E-002,9.922793845939184E-001,-9.638237067916258E-002,
4.443782568593804E+008,9.918943809019493E-001,-9.842688065960592E-002,9.918943809019493E-001,-9.842688065960592E-002,
4.536797215456938E+008,9.915265157517065E-001,-1.004732717446665E-001,9.915265157517065E-001,-1.004732717446665E-001,
4.631758790280099E+008,9.912198994576560E-001,-1.024907177357363E-001,9.912198994576560E-001,-1.024907177357363E-001,
4.728708045015902E+008,9.908646550799581E-001,-1.047317782947579E-001,9.908646550799581E-001,-1.047317782947579E-001,
4.827686584612901E+008,9.904042412930927E-001,-1.068980649230784E-001,9.904042412930927E-001,-1.068980649230784E-001,
4.928736884869999E+008,9.901191928502073E-001,-1.091579967286959E-001,9.901191928502073E-001,-1.091579967286959E-001,
5.031902310664573E+008,9.898368600461042E-001,-1.113809333114068E-001,9.898368600461042E-001,-1.113809333114068E-001,
5.137227134562149E+008,9.896099680208219E-001,-1.136177296511138E-001,9.896099680208219E-001,-1.136177296511138E-001,
5.244756555815587E+008,9.892275566166903E-001,-1.159259639192075E-001,9.892275566166903E-001,-1.159259639192075E-001,
5.354536719761968E+008,9.887201581180519E-001,-1.181907227999399E-001,9.887201581180519E-001,-1.181907227999399E-001,
5.466614737625463E+008,9.882049573578144E-001,-1.205839217740625E-001,9.882049573578144E-001,-1.205839217740625E-001,
5.581038706734722E+008,9.876055916580924E-001,-1.230636243701531E-001,9.876055916580924E-001,-1.230636243701531E-001,
5.697857731163427E+008,9.869836595868969E-001,-1.256401625854626E-001,9.869836595868969E-001,-1.256401625854626E-001,
5.817121942802894E+008,9.865922072180757E-001,-1.282014268645338E-001,9.865922072180757E-001,-1.282014268645338E-001,
5.938882522875744E+008,9.860992943501188E-001,-1.309735736509659E-001,9.860992943501188E-001,-1.309735736509659E-001,
6.063191723899891E+008,9.855252989287999E-001,-1.334129546255614E-001,9.855252989287999E-001,-1.334129546255614E-001,
6.190102892112266E+008,9.847813753701661E-001,-1.360272468855763E-001,9.847813753701661E-001,-1.360272468855763E-001,
6.319670490361900E+008,9.839882643755291E-001,-1.388417961436585E-001,9.839882643755291E-001,-1.388417961436585E-001,
6.451950121482195E+008,9.832107588625318E-001,-1.419130162060528E-001,9.832107588625318E-001,-1.419130162060528E-001,
6.586998552152404E+008,9.826066970100229E-001,-1.451879631657482E-001,9.826066970100229E-001,-1.451879631657482E-001,
6.724873737258571E+008,9.821362457755608E-001,-1.481285757435934E-001,9.821362457755608E-001,-1.481285757435934E-001,
6.865634844764381E+008,9.814953478208045E-001,-1.508594674245613E-001,9.814953478208045E-001,-1.508594674245613E-001,
7.009342281102579E+008,9.807888505973612E-001,-1.538065008910631E-001,9.807888505973612E-001,-1.538065008910631E-001,
7.156057717097888E+008,9.799301326613651E-001,-1.569366585329985E-001,9.799301326613651E-001,-1.569366585329985E-001,
7.305844114432513E+008,9.789685734966120E-001,-1.603106523107769E-001,9.789685734966120E-001,-1.603106523107769E-001,
7.458765752665610E+008,9.784992442547642E-001,-1.637142845268063E-001,9.784992442547642E-001,-1.637142845268063E-001,
7.614888256818322E+008,9.775467070916537E-001,-1.668630432392279E-001,9.775467070916537E-001,-1.668630432392279E-001,
7.774278625536187E+008,9.763941407124021E-001,-1.696972821465082E-001,9.763941407124021E-001,-1.696972821465082E-001,
7.937005259841044E+008,9.750816588518194E-001,-1.732462437843006E-001,9.750816588518194E-001,-1.732462437843006E-001,
8.103137992484750E+008,9.737950093319262E-001,-1.771281009372510E-001,9.737950093319262E-001,-1.771281009372510E-001,
8.272748117917309E+008,9.730331018573762E-001,-1.809831421411891E-001,9.730331018573762E-001,-1.809831421411891E-001,
8.445908422882283E+008,9.721462596662973E-001,-1.846695823462185E-001,9.721462596662973E-001,-1.846695823462185E-001,
8.622693217652600E+008,9.710028066256089E-001,-1.880301851831319E-001,9.710028066256089E-001,-1.880301851831319E-001,
8.803178367920179E+008,9.697490204785449E-001,-1.918638016877512E-001,9.697490204785449E-001,-1.918638016877512E-001,
8.987441327353046E+008,9.690016769371713E-001,-1.956875033351000E-001,9.690016769371713E-001,-1.956875033351000E-001,
9.175561170833916E+008,9.679196744135147E-001,-1.993166334911899E-001,9.679196744135147E-001,-1.993166334911899E-001,
9.367618628394508E+008,9.661959276265577E-001,-2.027751369564555E-001,9.661959276265577E-001,-2.027751369564555E-001,
9.563696119860154E+008,9.642443327562373E-001,-2.070673488485045E-001,9.642443327562373E-001,-2.070673488485045E-001,
9.763877790219561E+008,9.628381366069634E-001,-2.116286342244705E-001,9.628381366069634E-001,-2.116286342244705E-001,
9.968249545734922E+008,9.614842936243820E-001,-2.159557259998785E-001,9.614842936243820E-001,-2.159557259998785E-001,
1.017689909080786E+009,9.595993505509359E-001,-2.199258423997517E-001,9.595993505509359E-001,-2.199258423997517E-001,
1.038991596561701E+009,9.576117321431634E-001,-2.248376436435515E-001,9.576117321431634E-001,-2.248376436435515E-001,
1.060739158454346E+009,9.571671906223106E-001,-2.295582097731505E-001,9.571671906223106E-001,-2.295582097731505E-001,
1.082941927540042E+009,9.555135649138852E-001,-2.331830114016276E-001,9.555135649138852E-001,-2.331830114016276E-001,
1.105609431948408E+009,9.532077744455545E-001,-2.370472161014458E-001,9.532077744455545E-001,-2.370472161014458E-001,
1.128751399246275E+009,9.506859203758371E-001,-2.421111629583775E-001,9.506859203758371E-001,-2.421111629583775E-001,
1.152377760612193E+009,9.489040612120936E-001,-2.470473979140010E-001,9.489040612120936E-001,-2.470473979140010E-001,
1.176498655098304E+009,9.464497842337057E-001,-2.516812204798857E-001,9.464497842337057E-001,-2.516812204798857E-001,
1.201124433981439E+009,9.438711014612029E-001,-2.572819741136942E-001,9.438711014612029E-001,-2.572819741136942E-001,
1.226265665205275E+009,9.430659855363632E-001,-2.624894474056592E-001,9.430659855363632E-001,-2.624894474056592E-001,
1.251933137915478E+009,9.406022816788336E-001,-2.662841203404625E-001,9.406022816788336E-001,-2.662841203404625E-001,
1.278137867089775E+009,9.376815208597618E-001,-2.711059521434733E-001,9.376815208597618E-001,-2.711059521434733E-001,
1.304891098264939E+009,9.351926550556216E-001,-2.761849468687360E-001,9.351926550556216E-001,-2.761849468687360E-001,
1.332204312362714E+009,9.319317200925698E-001,-2.809959444047974E-001,9.319317200925698E-001,-2.809959444047974E-001,
1.360089230616753E+009,9.282647946298470E-001,-2.875508721200505E-001,9.282647946298470E-001,-2.875508721200505E-001,
1.388557819602690E+009,9.272766167655496E-001,-2.935768961564271E-001,9.272766167655496E-001,-2.935768961564271E-001,
1.417622296373492E+009,9.241781866195890E-001,-2.980615485251025E-001,9.241781866195890E-001,-2.980615485251025E-001,
1.447295133702302E+009,9.210521406635026E-001,-3.038196384472208E-001,9.210521406635026E-001,-3.038196384472208E-001,
1.477589065435027E+009,9.183113526429468E-001,-3.084352232801573E-001,9.183113526429468E-001,-3.084352232801573E-001,
1.508517091954956E+009,9.134802149809311E-001,-3.140060323254066E-001,9.134802149809311E-001,-3.140060323254066E-001,
1.540092485761767E+009,9.104315227407572E-001,-3.215983653804765E-001,9.104315227407572E-001,-3.215983653804765E-001,
1.572328797167307E+009,9.073615510730915E-001,-3.270231160618206E-001,9.073615510730915E-001,-3.270231160618206E-001,
1.605239860110590E+009,9.041284364328978E-001,-3.335074083051070E-001,9.041284364328978E-001,-3.335074083051070E-001,
1.638839798094518E+009,9.008126221957087E-001,-3.381250646980882E-001,9.008126221957087E-001,-3.381250646980882E-001,
1.673143030246862E+009,8.954612762496905E-001,-3.439894990170418E-001,8.954612762496905E-001,-3.439894990170418E-001,
1.708164277508106E+009,8.919048659084889E-001,-3.509049268133625E-001,8.919048659084889E-001,-3.509049268133625E-001,
1.743918568948813E+009,8.870720948579782E-001,-3.571408231542239E-001,8.870720948579782E-001,-3.571408231542239E-001,
1.780421248219227E+009,8.843737113252363E-001,-3.640981330016791E-001,8.843737113252363E-001,-3.640981330016791E-001,
1.817687980133866E+009,8.792844131021992E-001,-3.687757225803348E-001,8.792844131021992E-001,-3.687757225803348E-001,
1.855734757393946E+009,8.743297766175605E-001,-3.755236189712990E-001,8.743297766175605E-001,-3.755236189712990E-001,
1.894577907450513E+009,8.685405594648044E-001,-3.814162605435864E-001,8.685405594648044E-001,-3.814162605435864E-001,
1.934234099511226E+009,8.643336004997493E-001,-3.902033970086698E-001,8.643336004997493E-001,-3.902033970086698E-001,
1.974720351693812E+009,8.597997335545438E-001,-3.951233581429955E-001,8.597997335545438E-001,-3.951233581429955E-001,
2.016054038329243E+009,8.548839490015976E-001,-4.023903093198221E-001,8.548839490015976E-001,-4.023903093198221E-001,
2.058252897417781E+009,8.481981656061326E-001,-4.079235916600199E-001,8.481981656061326E-001,-4.079235916600199E-001,
2.101335038241093E+009,8.425330932647120E-001,-4.160374701608688E-001,8.425330932647120E-001,-4.160374701608688E-001,
2.145318949133695E+009,8.362025208660239E-001,-4.222014222570701E-001,8.362025208660239E-001,-4.222014222570701E-001,
2.190223505417061E+009,8.312222729507133E-001,-4.286950130144511E-001,8.312222729507133E-001,-4.286950130144511E-001,
2.236067977499810E+009,8.235853987116584E-001,-4.350244949334466E-001,8.235853987116584E-001,-4.350244949334466E-001,
2.282872039147435E+009,8.174124361098518E-001,-4.421678083632583E-001,8.174124361098518E-001,-4.421678083632583E-001,
2.330655775925136E+009,8.110926322969814E-001,-4.497134567558948E-001,8.110926322969814E-001,-4.497134567558948E-001,
2.379439693817366E+009,8.040753468196933E-001,-4.555345023491645E-001,8.040753468196933E-001,-4.555345023491645E-001,
2.429244728027800E+009,7.970025141876255E-001,-4.623598587169946E-001,7.970025141876255E-001,-4.623598587169946E-001,
2.480092251963504E+009,7.889086079676256E-001,-4.701973617785082E-001,7.889086079676256E-001,-4.701973617785082E-001,
2.532004086407146E+009,7.821835309232220E-001,-4.767087450434139E-001,7.821835309232220E-001,-4.767087450434139E-001,
2.585002508881200E+009,7.747929279135176E-001,-4.831687413097264E-001,7.747929279135176E-001,-4.831687413097264E-001,
2.639110263208160E+009,7.655994770091623E-001,-4.908761219758834E-001,7.655994770091623E-001,-4.908761219758834E-001,
2.694350569270853E+009,7.579566869802579E-001,-4.976182826458175E-001,7.579566869802579E-001,-4.976182826458175E-001,
2.750747132977056E+009,7.500731940683717E-001,-5.035341356585136E-001,7.500731940683717E-001,-5.035341356585136E-001,
2.808324156432685E+009,7.407773966676725E-001,-5.113156446238709E-001,7.407773966676725E-001,-5.113156446238709E-001,
2.867106348327923E+009,7.317802714915183E-001,-5.182753412497954E-001,7.317802714915183E-001,-5.182753412497954E-001,
2.927118934540746E+009,7.231771173327287E-001,-5.240017611038627E-001,7.231771173327287E-001,-5.240017611038627E-001,
2.988387668962389E+009,7.133644774051051E-001,-5.314896332497823E-001,7.133644774051051E-001,-5.314896332497823E-001,
3.050938844549417E+009,7.040670120183903E-001,-5.382403660820798E-001,7.040670120183903E-001,-5.382403660820798E-001,
3.114799304607116E+009,6.940629373297338E-001,-5.440988779684501E-001,6.940629373297338E-001,-5.440988779684501E-001,
3.179996454309075E+009,6.833862340913529E-001,-5.513772793663566E-001,6.833862340913529E-001,-5.513772793663566E-001,
3.246558272457882E+009,6.740493760144894E-001,-5.572057706567428E-001,6.740493760144894E-001,-5.572057706567428E-001,
3.314513323491987E+009,6.631082832900676E-001,-5.628880677182619E-001,6.631082832900676E-001,-5.628880677182619E-001,
3.383890769743891E+009,6.526837316807816E-001,-5.702097300436181E-001,6.526837316807816E-001,-5.702097300436181E-001,
3.454720383954909E+009,6.421228678256922E-001,-5.751872245876586E-001,6.421228678256922E-001,-5.751872245876586E-001,
3.527032562051896E+009,6.293432770793679E-001,-5.818905687024476E-001,6.293432770793679E-001,-5.818905687024476E-001,
3.600858336191391E+009,6.186390805444473E-001,-5.882929035034120E-001,6.186390805444473E-001,-5.882929035034120E-001,
3.676229388076813E+009,6.064377241133089E-001,-5.927607746908798E-001,6.064377241133089E-001,-5.927607746908798E-001,
3.753178062554387E+009,5.940131886796856E-001,-6.001556042209544E-001,5.940131886796856E-001,-6.001556042209544E-001,
3.831737381493663E+009,5.826957556816799E-001,-6.040976702200597E-001,5.826957556816799E-001,-6.040976702200597E-001,
3.911941057958573E+009,5.690961603058473E-001,-6.102803091699741E-001,5.690961603058473E-001,-6.102803091699741E-001,
3.993823510675101E+009,5.581756125820697E-001,-6.148521473265017E-001,5.581756125820697E-001,-6.148521473265017E-001,
4.077419878801790E+009,5.434472519743364E-001,-6.196805222649270E-001,5.434472519743364E-001,-6.196805222649270E-001,
4.162766037009410E+009,5.316328683131671E-001,-6.245542004844404E-001,5.316328683131671E-001,-6.245542004844404E-001,
4.249898610876274E+009,5.170833394993617E-001,-6.280901512296836E-001,5.170833394993617E-001,-6.280901512296836E-001,
4.338854992605786E+009,5.049112912527419E-001,-6.329205468384592E-001,5.049112912527419E-001,-6.329205468384592E-001,
4.429673357072994E+009,4.894571169686625E-001,-6.360720182810919E-001,4.894571169686625E-001,-6.360720182810919E-001,
4.522392678207007E+009,4.773639046745704E-001,-6.405944418204711E-001,4.773639046745704E-001,-6.405944418204711E-001,
4.617052745716332E+009,4.623665043558861E-001,-6.436785118598924E-001,4.623665043558861E-001,-6.436785118598924E-001,
4.713694182164284E+009,4.492900656580040E-001,-6.469339579392275E-001,4.492900656580040E-001,-6.469339579392275E-001,
4.812358460401814E+009,4.340706632989405E-001,-6.498585286462392E-001,4.340706632989405E-001,-6.498585286462392E-001,
4.913087921365233E+009,4.202731951288005E-001,-6.520868155305242E-001,4.202731951288005E-001,-6.520868155305242E-001,
5.015925792246465E+009,4.055534792206721E-001,-6.549618214103364E-001,4.055534792206721E-001,-6.549618214103364E-001,
5.120916205043626E+009,3.914665556395399E-001,-6.562693200617698E-001,3.914665556395399E-001,-6.562693200617698E-001,
5.228104215499899E+009,3.770371844559209E-001,-6.584089248297314E-001,3.770371844559209E-001,-6.584089248297314E-001,
5.337535822438821E+009,3.622492728972439E-001,-6.598196160876138E-001,3.622492728972439E-001,-6.598196160876138E-001,
5.449257987504287E+009,3.484002127018129E-001,-6.607165286651009E-001,3.484002127018129E-001,-6.607165286651009E-001,
5.563318655313743E+009,3.340876554248471E-001,-6.622807295500035E-001,3.340876554248471E-001,-6.622807295500035E-001,
5.679766774033207E+009,3.199823644167110E-001,-6.621476911718182E-001,3.199823644167110E-001,-6.621476911718182E-001,
5.798652316382962E+009,3.060672373917850E-001,-6.629363576877119E-001,3.060672373917850E-001,-6.629363576877119E-001,
5.920026301082923E+009,2.913323567650055E-001,-6.635570065120972E-001,2.913323567650055E-001,-6.635570065120972E-001,
6.043940814746885E+009,2.771751630350080E-001,-6.627911628578865E-001,2.771751630350080E-001,-6.627911628578865E-001,
6.170449034235055E+009,2.634209087235461E-001,-6.623245447774396E-001,2.634209087235461E-001,-6.623245447774396E-001,
6.299605249474443E+009,2.491836437413870E-001,-6.625812658946363E-001,2.491836437413870E-001,-6.625812658946363E-001,
6.431464886756929E+009,2.341853133097966E-001,-6.615425839394005E-001,2.341853133097966E-001,-6.615425839394005E-001,
6.566084532524983E+009,2.198732818765856E-001,-6.604757591889400E-001,2.198732818765856E-001,-6.604757591889400E-001,
6.703521957655251E+009,2.057626655963154E-001,-6.589366112950221E-001,2.057626655963154E-001,-6.589366112950221E-001,
6.843836142250444E+009,1.914073103574152E-001,-6.574725120388948E-001,1.914073103574152E-001,-6.574725120388948E-001,
6.987087300950141E+009,1.767169405702196E-001,-6.554867994074680E-001,1.767169405702196E-001,-6.554867994074680E-001,
7.133336908771395E+009,1.625766793701313E-001,-6.527025295895361E-001,1.625766793701313E-001,-6.527025295895361E-001,
7.282647727490209E+009,1.488530911102219E-001,-6.496057796289365E-001,1.488530911102219E-001,-6.496057796289365E-001,
7.435083832575221E+009,1.352950591242277E-001,-6.459918319729687E-001,1.352950591242277E-001,-6.459918319729687E-001,
7.590710640685147E+009,1.222524811516012E-001,-6.425860154284231E-001,1.222524811516012E-001,-6.425860154284231E-001,
7.749594937741785E+009,1.088487367666234E-001,-6.382764026116391E-001,1.088487367666234E-001,-6.382764026116391E-001,
7.911804907590622E+009,9.618088563374308E-002,-6.339478610615350E-001,9.618088563374308E-002,-6.339478610615350E-001,
8.077410161261354E+009,8.312902982171048E-002,-6.291710442210914E-001,8.312902982171048E-002,-6.291710442210914E-001,
8.246481766840870E+009,7.108898818472030E-002,-6.240857869973889E-001,7.108898818472030E-002,-6.240857869973889E-001,
8.419092279971513E+009,5.896813728666655E-002,-6.188688119049124E-001,5.896813728666655E-002,-6.188688119049124E-001,
8.595315774987719E+009,4.737583523125795E-002,-6.131399702788868E-001,4.737583523125795E-002,-6.131399702788868E-001,
8.775227876704388E+009,3.597694095626053E-002,-6.071470598416878E-001,3.597694095626053E-002,-6.071470598416878E-001,
8.958905792870632E+009,2.523397170556190E-002,-6.007449418799316E-001,2.523397170556190E-002,-6.007449418799316E-001,
9.146428347302822E+009,1.481572664203967E-002,-5.937420214878282E-001,1.481572664203967E-002,-5.937420214878282E-001,
9.337876013711161E+009,4.213082281673028E-003,-5.878872639601994E-001,4.213082281673028E-003,-5.878872639601994E-001,
9.533330950234287E+009,-5.750614188518850E-003,-5.801218578174180E-001,-5.750614188518850E-003,-5.801218578174180E-001,
9.732877034696749E+009,-1.549705945083757E-002,-5.729191065931094E-001,-1.549705945083757E-002,-5.729191065931094E-001,
9.936599900604454E+009,-2.556798373640567E-002,-5.655626292916919E-001,-2.556798373640567E-002,-5.655626292916919E-001,
1.014458697389356E+010,-3.512697410233114E-002,-5.582507674818376E-001,-3.512697410233114E-002,-5.582507674818376E-001,
1.035692751044859E+010,-4.479949222753357E-002,-5.512055959758256E-001,-4.479949222753357E-002,-5.512055959758256E-001,
1.057371263440579E+010,-5.277002929316379E-002,-5.439401220925750E-001,-5.277002929316379E-002,-5.439401220925750E-001,
1.079503537725833E+010,-6.144121157223390E-002,-5.360484452857357E-001,-6.144121157223390E-002,-5.360484452857357E-001,
1.102099071777997E+010,-6.903830221802328E-002,-5.275971652911904E-001,-6.903830221802328E-002,-5.275971652911904E-001,
1.125167562278435E+010,-7.769692052197447E-002,-5.194158117891471E-001,-7.769692052197447E-002,-5.194158117891471E-001,
1.148718908873753E+010,-8.645212263827491E-002,-5.118267313206225E-001,-8.645212263827491E-002,-5.118267313206225E-001,
1.172763218424143E+010,-9.405820613986797E-002,-5.025809229882092E-001,-9.405820613986797E-002,-5.025809229882092E-001,
1.197310809340661E+010,-1.033702471332461E-001,-4.952624448657864E-001,-1.033702471332461E-001,-4.952624448657864E-001,
1.222372216013282E+010,-1.096679760649497E-001,-4.869392771373402E-001,-1.096679760649497E-001,-4.869392771373402E-001,
1.247958193331646E+010,-1.186200219101369E-001,-4.779850644193205E-001,-1.186200219101369E-001,-4.779850644193205E-001,
1.274079721300426E+010,-1.261975847104619E-001,-4.718018321222219E-001,-1.261975847104619E-001,-4.718018321222219E-001,
1.300748009751303E+010,-1.340543599496073E-001,-4.628651399573807E-001,-1.340543599496073E-001,-4.628651399573807E-001,
1.327974503153573E+010,-1.421761775835491E-001,-4.558717194500200E-001,-1.421761775835491E-001,-4.558717194500200E-001,
1.355770885525442E+010,-1.498486759404881E-001,-4.478090317791886E-001,-1.498486759404881E-001,-4.478090317791886E-001,
1.384149085448120E+010,-1.569587247652039E-001,-4.410204989576383E-001,-1.569587247652039E-001,-4.410204989576383E-001,
1.413121281184877E+010,-1.655103515664388E-001,-4.342328782126700E-001,-1.655103515664388E-001,-4.342328782126700E-001,
1.442699905907235E+010,-1.733197203531459E-001,-4.267588942786839E-001,-1.733197203531459E-001,-4.267588942786839E-001,
1.472897653030561E+010,-1.805409871023641E-001,-4.203921910216107E-001,-1.805409871023641E-001,-4.203921910216107E-001,
1.503727481661337E+010,-1.886475602493218E-001,-4.143083726934613E-001,-1.886475602493218E-001,-4.143083726934613E-001,
1.535202622158452E+010,-1.970174649885222E-001,-4.067858194020012E-001,-1.970174649885222E-001,-4.067858194020012E-001,
1.567336581810895E+010,-2.045465656521820E-001,-4.004333610057817E-001,-2.045465656521820E-001,-4.004333610057817E-001,
1.600143150634299E+010,-2.119321997167703E-001,-3.950133582859710E-001,-2.119321997167703E-001,-3.950133582859710E-001,
1.633636407288800E+010,-2.198054438547846E-001,-3.890851911369853E-001,-2.198054438547846E-001,-3.890851911369853E-001,
1.667830725120785E+010,-2.277826387918644E-001,-3.838509578632873E-001,-2.277826387918644E-001,-3.838509578632873E-001,
1.702740778331081E+010,-2.352855941972487E-001,-3.786557028758030E-001,-2.352855941972487E-001,-3.786557028758030E-001,
1.738381548272271E+010,-2.417137818369155E-001,-3.722703005304794E-001,-2.417137818369155E-001,-3.722703005304794E-001,
1.774768329877812E+010,-2.486825329567204E-001,-3.662646866465630E-001,-2.486825329567204E-001,-3.662646866465630E-001,
1.811916738225725E+010,-2.548633041888156E-001,-3.600098183755751E-001,-2.548633041888156E-001,-3.600098183755751E-001,
1.849842715239673E+010,-2.596380197661874E-001,-3.544574821955115E-001,-2.596380197661874E-001,-3.544574821955115E-001,
1.888562536530301E+010,-2.650552724923581E-001,-3.475797841707517E-001,-2.650552724923581E-001,-3.475797841707517E-001,
1.928092818379779E+010,-2.706551590371650E-001,-3.402970845369534E-001,-2.706551590371650E-001,-3.402970845369534E-001,
1.968450524872536E+010,-2.756855557638741E-001,-3.339882215199580E-001,-2.756855557638741E-001,-3.339882215199580E-001,
2.009652975175254E+010,-2.777078007625103E-001,-3.292863990448758E-001,-2.777078007625103E-001,-3.292863990448758E-001,
2.051717850969239E+010,-2.800807551416229E-001,-3.212590575005211E-001,-2.800807551416229E-001,-3.212590575005211E-001,
2.094663204038366E+010,-2.844728063481321E-001,-3.150281746331172E-001,-2.844728063481321E-001,-3.150281746331172E-001,
2.138507464015848E+010,-2.846025243612122E-001,-3.082539063081510E-001,-2.846025243612122E-001,-3.082539063081510E-001,
2.183269446293157E+010,-2.892185744752358E-001,-3.015647393886159E-001,-2.892185744752358E-001,-3.015647393886159E-001,
2.228968360094489E+010,-2.908905353765363E-001,-2.966080066845866E-001,-2.908905353765363E-001,-2.966080066845866E-001,
2.275623816720238E+010,-2.942559040634336E-001,-2.894708893418166E-001,-2.942559040634336E-001,-2.894708893418166E-001,
2.323255837963022E+010,-2.953048302087863E-001,-2.841532673721940E-001,-2.953048302087863E-001,-2.841532673721940E-001,
2.371884864699861E+010,-3.001857484380200E-001,-2.801232855060856E-001,-3.001857484380200E-001,-2.801232855060856E-001,
2.421531765664209E+010,-3.045312238609669E-001,-2.779093958046094E-001,-3.045312238609669E-001,-2.779093958046094E-001,
2.472217846401591E+010,-3.081047982547751E-001,-2.739449719497591E-001,-3.081047982547751E-001,-2.739449719497591E-001,
2.523964858412701E+010,-3.147684409740401E-001,-2.725171397407596E-001,-3.147684409740401E-001,-2.725171397407596E-001,
2.576795008487867E+010,-3.204125498254709E-001,-2.711496084985436E-001,-3.204125498254709E-001,-2.711496084985436E-001,
2.630730968236913E+010,-3.251801575101408E-001,-2.699931143534105E-001,-3.251801575101408E-001,-2.699931143534105E-001,
2.685795883818483E+010,-3.292763529333225E-001,-2.746397370922312E-001,-3.292763529333225E-001,-2.746397370922312E-001,
2.742013385873019E+010,-3.320969676124022E-001,-2.806655185349886E-001,-3.320969676124022E-001,-2.806655185349886E-001,
2.799407599663654E+010,-3.332347893614508E-001,-2.843560271387081E-001,-3.332347893614508E-001,-2.843560271387081E-001,
2.858003155429355E+010,-3.365653352465414E-001,-2.863428528203617E-001,-3.365653352465414E-001,-2.863428528203617E-001,
2.917825198954789E+010,-3.375048770388232E-001,-2.965893918510369E-001,-3.375048770388232E-001,-2.965893918510369E-001,
2.978899402361419E+010,-3.307772531497973E-001,-3.045355100637186E-001,-3.307772531497973E-001,-3.045355100637186E-001,
3.041251975124476E+010,-3.293634574316574E-001,-3.034268214758835E-001,-3.293634574316574E-001,-3.034268214758835E-001,
3.104909675320535E+010,-3.211582928572003E-001,-3.069236897592080E-001,-3.211582928572003E-001,-3.069236897592080E-001,
3.169899821110511E+010,-3.155225604537495E-001,-3.089387179672671E-001,-3.155225604537495E-001,-3.089387179672671E-001,
3.236250302463025E+010,-3.013406378056531E-001,-3.085326548718502E-001,-3.013406378056531E-001,-3.085326548718502E-001,
3.303989593123136E+010,-2.907505402280509E-001,-3.057750547903211E-001,-2.907505402280509E-001,-3.057750547903211E-001,
3.373146762831615E+010,-2.777152380566911E-001,-3.026587372491143E-001,-2.777152380566911E-001,-3.026587372491143E-001,
3.443751489799971E+010,-2.695197213398237E-001,-2.917986795729797E-001,-2.695197213398237E-001,-2.917986795729797E-001,
3.515834073446610E+010,-2.597485727759321E-001,-2.856587342600537E-001,-2.597485727759321E-001,-2.856587342600537E-001,
3.589425447399565E+010,-2.560453020010596E-001,-2.754876083486620E-001,-2.560453020010596E-001,-2.754876083486620E-001,
3.664557192771407E+010,-2.436301745667437E-001,-2.671399045182182E-001,-2.436301745667437E-001,-2.671399045182182E-001,
3.741261551712006E+010,-2.477703263453400E-001,-2.557143720421916E-001,-2.477703263453400E-001,-2.557143720421916E-001,
3.819571441244975E+010,-2.441630881248052E-001,-2.567292034723201E-001,-2.441630881248052E-001,-2.567292034723201E-001,
3.899520467393736E+010,-2.451812517029973E-001,-2.488753406529551E-001,-2.451812517029973E-001,-2.488753406529551E-001,
3.981142939603255E+010,-2.465482728611404E-001,-2.492975586218361E-001,-2.465482728611404E-001,-2.492975586218361E-001,
4.064473885463650E+010,-2.450133780974291E-001,-2.461690654747201E-001,-2.450133780974291E-001,-2.461690654747201E-001,
4.149549065741983E+010,-2.383130807907778E-001,-2.473031639677586E-001,-2.383130807907778E-001,-2.473031639677586E-001,
4.236404989728691E+010,-2.288004172140930E-001,-2.487383362799666E-001,-2.288004172140930E-001,-2.487383362799666E-001,
4.325078930905235E+010,-2.181835669899661E-001,-2.453903043723995E-001,-2.181835669899661E-001,-2.453903043723995E-001,
4.415608942939697E+010,-2.050924750025013E-001,-2.405022965922079E-001,-2.050924750025013E-001,-2.405022965922079E-001,
4.508033876017195E+010,-1.910785179772836E-001,-2.230043666653398E-001,-1.910785179772836E-001,-2.230043666653398E-001,
4.602393393512102E+010,-1.814494442481531E-001,-1.967617847074197E-001,-1.814494442481531E-001,-1.967617847074197E-001,
4.698727989009248E+010,-1.776213267809206E-001,-1.783821656625637E-001,-1.776213267809206E-001,-1.783821656625637E-001,
4.797079003681400E+010,-1.748059218176508E-001,-1.454875299205078E-001,-1.748059218176508E-001,-1.454875299205078E-001,
4.897488644030473E+010,-1.806161321919995E-001,-1.193925864834505E-001,-1.806161321919995E-001,-1.193925864834505E-001,
5.000000000000000E+010,-1.971096079149616E-001,-8.827030631268108E-002,-1.971096079149616E-001,-8.827030631268108E-002,
