% Version 1.00
%
%freq[Hz],re:Trc1_S11,im:Trc1_S11,re:Trc2_S11,im:Trc2_S11,
1.000000000000000E+008,9.993701398828488E-001,-5.840838954320339E-003,9.993701398828488E-001,-5.840838954320339E-003,
1.020931412693436E+008,9.993243861749572E-001,-5.962640137182240E-003,9.993243861749572E-001,-5.962640137182240E-003,
1.042300949424215E+008,9.994006462939792E-001,-6.102493455191623E-003,9.994006462939792E-001,-6.102493455191623E-003,
1.064117780747374E+008,9.993073586636212E-001,-6.017283621919421E-003,9.993073586636212E-001,-6.017283621919421E-003,
1.086391269170620E+008,9.992265693167389E-001,-6.112467707554555E-003,9.992265693167389E-001,-6.112467707554555E-003,
1.109130973172177E+008,9.992269919433873E-001,-6.401399761322711E-003,9.992269919433873E-001,-6.401399761322711E-003,
1.132346651302716E+008,9.992882106620327E-001,-6.523989691424859E-003,9.992882106620327E-001,-6.523989691424859E-003,
1.156048266373163E+008,9.993295314229568E-001,-6.467782805983036E-003,9.993295314229568E-001,-6.467782805983036E-003,
1.180245989730151E+008,9.994138481634538E-001,-6.505797153826275E-003,9.994138481634538E-001,-6.505797153826275E-003,
1.204950205620966E+008,9.992044655840137E-001,-6.751804086654277E-003,9.992044655840137E-001,-6.751804086654277E-003,
1.230171515649859E+008,9.992944091311611E-001,-6.874997357587875E-003,9.992944091311611E-001,-6.874997357587875E-003,
1.255920743327636E+008,9.990988853301289E-001,-6.755223374473634E-003,9.990988853301289E-001,-6.755223374473634E-003,
1.282208938716474E+008,9.990540241938597E-001,-7.155162412785094E-003,9.990540241938597E-001,-7.155162412785094E-003,
1.309047383171961E+008,9.991200929529359E-001,-7.125851975032549E-003,9.991200929529359E-001,-7.125851975032549E-003,
1.336447594184396E+008,9.989667957150138E-001,-7.245868880703206E-003,9.989667957150138E-001,-7.245868880703206E-003,
1.364421330321420E+008,9.989836045018696E-001,-7.489524132181259E-003,9.989836045018696E-001,-7.489524132181259E-003,
1.392980596274105E+008,9.989495055834113E-001,-7.482989858054710E-003,9.989495055834113E-001,-7.482989858054710E-003,
1.422137648008667E+008,9.989752995085164E-001,-7.790417346405635E-003,9.989752995085164E-001,-7.790417346405635E-003,
1.451904998026009E+008,9.989157398236490E-001,-7.694150416840411E-003,9.989157398236490E-001,-7.694150416840411E-003,
1.482295420731354E+008,9.986987123546046E-001,-7.879751948643973E-003,9.986987123546046E-001,-7.879751948643973E-003,
1.513321957916272E+008,9.987350230769849E-001,-8.060781036769316E-003,9.987350230769849E-001,-8.060781036769316E-003,
1.544997924355456E+008,9.987648723435698E-001,-8.354146621640291E-003,9.987648723435698E-001,-8.354146621640291E-003,
1.577336913520643E+008,9.987291797406769E-001,-8.435030730620574E-003,9.987291797406769E-001,-8.435030730620574E-003,
1.610352803414134E+008,9.985064944454731E-001,-8.613022930166678E-003,9.985064944454731E-001,-8.613022930166678E-003,
1.644059762524427E+008,9.985940664525440E-001,-8.915208683199468E-003,9.985940664525440E-001,-8.915208683199468E-003,
1.678472255906498E+008,9.984465717857580E-001,-9.191915230424418E-003,9.984465717857580E-001,-9.191915230424418E-003,
1.713605051389360E+008,9.982807936461512E-001,-9.347596476693082E-003,9.982807936461512E-001,-9.347596476693082E-003,
1.749473225913547E+008,9.981790936240760E-001,-9.482476032495588E-003,9.981790936240760E-001,-9.482476032495588E-003,
1.786092172001261E+008,9.981400074233361E-001,-9.567998855956396E-003,9.981400074233361E-001,-9.567998855956396E-003,
1.823477604361935E+008,9.981012876890563E-001,-1.004640033977589E-002,9.981012876890563E-001,-1.004640033977589E-002,
1.861645566636073E+008,9.980439666856806E-001,-1.004487678638802E-002,9.980439666856806E-001,-1.004487678638802E-002,
1.900612438280239E+008,9.979135290208083E-001,-1.035548884834204E-002,9.979135290208083E-001,-1.035548884834204E-002,
1.940394941596160E+008,9.978424864778239E-001,-1.057459133427679E-002,9.978424864778239E-001,-1.057459133427679E-002,
1.981010148906965E+008,9.976572782430371E-001,-1.071356097440653E-002,9.976572782430371E-001,-1.071356097440653E-002,
2.022475489883622E+008,9.974849061517023E-001,-1.097664179896247E-002,9.974849061517023E-001,-1.097664179896247E-002,
2.064808759024735E+008,9.974550230075386E-001,-1.120938869454465E-002,9.974550230075386E-001,-1.120938869454465E-002,
2.108028123292904E+008,9.974620774420830E-001,-1.165227669375816E-002,9.974620774420830E-001,-1.165227669375816E-002,
2.152152129910917E+008,9.972631902890607E-001,-1.182318735063787E-002,9.972631902890607E-001,-1.182318735063787E-002,
2.197199714321140E+008,9.971453055142345E-001,-1.195077371462367E-002,9.971453055142345E-001,-1.195077371462367E-002,
2.243190208311496E+008,9.969583351088162E-001,-1.221021065865681E-002,9.969583351088162E-001,-1.221021065865681E-002,
2.290143348311539E+008,9.968245044915184E-001,-1.256884313944648E-002,9.968245044915184E-001,-1.256884313944648E-002,
2.338079283862175E+008,9.967675592793196E-001,-1.282379112075577E-002,9.967675592793196E-001,-1.282379112075577E-002,
2.387018586262668E+008,9.966514812388514E-001,-1.315052735157574E-002,9.966514812388514E-001,-1.315052735157574E-002,
2.436982257398635E+008,9.964653148768751E-001,-1.345140378676164E-002,9.964653148768751E-001,-1.345140378676164E-002,
2.487991738754827E+008,9.962455026369274E-001,-1.370476207637876E-002,9.962455026369274E-001,-1.370476207637876E-002,
2.540068920616564E+008,9.961693923352480E-001,-1.396183465235079E-002,9.961693923352480E-001,-1.396183465235079E-002,
2.593236151463760E+008,9.959471828308038E-001,-1.454532317884489E-002,9.959471828308038E-001,-1.454532317884489E-002,
2.647516247561587E+008,9.957553626002106E-001,-1.467716920769742E-002,9.957553626002106E-001,-1.467716920769742E-002,
2.702932502751876E+008,9.956047088126783E-001,-1.522121192553141E-002,9.956047088126783E-001,-1.522121192553141E-002,
2.759508698449477E+008,9.954963212885419E-001,-1.532371706137019E-002,9.954963212885419E-001,-1.532371706137019E-002,
2.817269113847850E+008,9.952889180821809E-001,-1.591115637465374E-002,9.952889180821809E-001,-1.591115637465374E-002,
2.876238536338270E+008,9.950690714365186E-001,-1.617362842105843E-002,9.950690714365186E-001,-1.617362842105843E-002,
2.936442272147132E+008,9.948437506703034E-001,-1.629657195515879E-002,9.948437506703034E-001,-1.629657195515879E-002,
2.997906157195895E+008,9.946038649097814E-001,-1.661477921910202E-002,9.946038649097814E-001,-1.661477921910202E-002,
3.060656568188355E+008,9.944384044551951E-001,-1.689251992040802E-002,9.944384044551951E-001,-1.689251992040802E-002,
3.124720433929982E+008,9.942232983444519E-001,-1.720577617870761E-002,9.942232983444519E-001,-1.720577617870761E-002,
3.190125246884183E+008,9.939773272804967E-001,-1.761294370487950E-002,9.939773272804967E-001,-1.761294370487950E-002,
3.256899074970465E+008,9.936801141735601E-001,-1.785363046385117E-002,9.936801141735601E-001,-1.785363046385117E-002,
3.325070573609542E+008,9.934218090594083E-001,-1.799372023170472E-002,9.934218090594083E-001,-1.799372023170472E-002,
3.394668998020564E+008,9.931884741924235E-001,-1.829410344370737E-002,9.931884741924235E-001,-1.829410344370737E-002,
3.465724215775746E+008,9.929210502611622E-001,-1.863592502112529E-002,9.929210502611622E-001,-1.863592502112529E-002,
3.538266719617783E+008,9.926787568042373E-001,-1.879412972001039E-002,9.926787568042373E-001,-1.879412972001039E-002,
3.612327640545553E+008,9.924195477992104E-001,-1.907657079530796E-002,9.924195477992104E-001,-1.907657079530796E-002,
3.687938761173719E+008,9.921073344083311E-001,-1.927909367396733E-002,9.921073344083311E-001,-1.927909367396733E-002,
3.765132529371966E+008,9.917975302004676E-001,-1.949814632669484E-002,9.917975302004676E-001,-1.949814632669484E-002,
3.843942072189731E+008,9.914043792461132E-001,-1.977673282889704E-002,9.914043792461132E-001,-1.977673282889704E-002,
3.924401210072396E+008,9.910615550810201E-001,-2.016200154035226E-002,9.910615550810201E-001,-2.016200154035226E-002,
4.006544471375042E+008,9.906824446736853E-001,-2.030884527201913E-002,9.906824446736853E-001,-2.030884527201913E-002,
4.090407107179998E+008,9.903836178386796E-001,-2.075591106139739E-002,9.903836178386796E-001,-2.075591106139739E-002,
4.176025106424546E+008,9.900335942013672E-001,-2.132931713435551E-002,9.900335942013672E-001,-2.132931713435551E-002,
4.263435211345269E+008,9.896795947113701E-001,-2.178177011988829E-002,9.896795947113701E-001,-2.178177011988829E-002,
4.352674933245664E+008,9.893007823722594E-001,-2.196596453189113E-002,9.893007823722594E-001,-2.196596453189113E-002,
4.443782568593804E+008,9.888770463041365E-001,-2.241829923206726E-002,9.888770463041365E-001,-2.241829923206726E-002,
4.536797215456938E+008,9.884727074840500E-001,-2.279229576797076E-002,9.884727074840500E-001,-2.279229576797076E-002,
4.631758790280099E+008,9.880830071948227E-001,-2.292286594300503E-002,9.880830071948227E-001,-2.292286594300503E-002,
4.728708045015902E+008,9.876176450467360E-001,-2.319188727321741E-002,9.876176450467360E-001,-2.319188727321741E-002,
4.827686584612901E+008,9.872532339193914E-001,-2.346438817209196E-002,9.872532339193914E-001,-2.346438817209196E-002,
4.928736884869999E+008,9.869176448327524E-001,-2.368568758822677E-002,9.869176448327524E-001,-2.368568758822677E-002,
5.031902310664573E+008,9.866062383565808E-001,-2.390886378168774E-002,9.866062383565808E-001,-2.390886378168774E-002,
5.137227134562149E+008,9.863457510877070E-001,-2.418100773215502E-002,9.863457510877070E-001,-2.418100773215502E-002,
5.244756555815587E+008,9.859345000532787E-001,-2.438546163657453E-002,9.859345000532787E-001,-2.438546163657453E-002,
5.354536719761968E+008,9.854212104822476E-001,-2.458287253305750E-002,9.854212104822476E-001,-2.458287253305750E-002,
5.466614737625463E+008,9.849219253439919E-001,-2.477119383284313E-002,9.849219253439919E-001,-2.477119383284313E-002,
5.581038706734722E+008,9.843728030984696E-001,-2.505383435418336E-002,9.843728030984696E-001,-2.505383435418336E-002,
5.697857731163427E+008,9.838515541640158E-001,-2.537375187155883E-002,9.838515541640158E-001,-2.537375187155883E-002,
5.817121942802894E+008,9.834140073241321E-001,-2.563847709868827E-002,9.834140073241321E-001,-2.563847709868827E-002,
5.938882522875744E+008,9.829617584531002E-001,-2.608051990993979E-002,9.829617584531002E-001,-2.608051990993979E-002,
6.063191723899891E+008,9.824232202281759E-001,-2.609979444726458E-002,9.824232202281759E-001,-2.609979444726458E-002,
6.190102892112266E+008,9.818208550930409E-001,-2.623863962053496E-002,9.818208550930409E-001,-2.623863962053496E-002,
6.319670490361900E+008,9.812364907082797E-001,-2.650397284429369E-002,9.812364907082797E-001,-2.650397284429369E-002,
6.451950121482195E+008,9.806442840250029E-001,-2.686211208021160E-002,9.806442840250029E-001,-2.686211208021160E-002,
6.586998552152404E+008,9.802023071296069E-001,-2.737565140717906E-002,9.802023071296069E-001,-2.737565140717906E-002,
6.724873737258571E+008,9.798936772666673E-001,-2.741475474998405E-002,9.798936772666673E-001,-2.741475474998405E-002,
6.865634844764381E+008,9.794449652993780E-001,-2.731139290397165E-002,9.794449652993780E-001,-2.731139290397165E-002,
7.009342281102579E+008,9.789572864128067E-001,-2.725287126721560E-002,9.789572864128067E-001,-2.725287126721560E-002,
7.156057717097888E+008,9.783062146763574E-001,-2.736361572891513E-002,9.783062146763574E-001,-2.736361572891513E-002,
7.305844114432513E+008,9.777823126313878E-001,-2.763284219025860E-002,9.777823126313878E-001,-2.763284219025860E-002,
7.458765752665610E+008,9.775520006198002E-001,-2.780346307822871E-002,9.775520006198002E-001,-2.780346307822871E-002,
7.614888256818322E+008,9.769132843490628E-001,-2.765038601440883E-002,9.769132843490628E-001,-2.765038601440883E-002,
7.774278625536187E+008,9.760362407059769E-001,-2.715649024648818E-002,9.760362407059769E-001,-2.715649024648818E-002,
7.937005259841044E+008,9.751774978563826E-001,-2.714112101847431E-002,9.751774978563826E-001,-2.714112101847431E-002,
8.103137992484750E+008,9.744206206700945E-001,-2.758796431491260E-002,9.744206206700945E-001,-2.758796431491260E-002,
8.272748117917309E+008,9.740359826720648E-001,-2.793734781391236E-002,9.740359826720648E-001,-2.793734781391236E-002,
8.445908422882283E+008,9.735850571126000E-001,-2.818809796584798E-002,9.735850571126000E-001,-2.818809796584798E-002,
8.622693217652600E+008,9.729709152018805E-001,-2.799627089005470E-002,9.729709152018805E-001,-2.799627089005470E-002,
8.803178367920179E+008,9.724196119770170E-001,-2.791380798934229E-002,9.724196119770170E-001,-2.791380798934229E-002,
8.987441327353046E+008,9.722316256376922E-001,-2.780105544049715E-002,9.722316256376922E-001,-2.780105544049715E-002,
9.175561170833916E+008,9.717516963775300E-001,-2.751258115163672E-002,9.717516963775300E-001,-2.751258115163672E-002,
9.367618628394508E+008,9.707746063221132E-001,-2.716367025336958E-002,9.707746063221132E-001,-2.716367025336958E-002,
9.563696119860154E+008,9.698233900113218E-001,-2.725598817402689E-002,9.698233900113218E-001,-2.725598817402689E-002,
9.763877790219561E+008,9.692095303951508E-001,-2.735679197119564E-002,9.692095303951508E-001,-2.735679197119564E-002,
9.968249545734922E+008,9.685988004742261E-001,-2.722200294645145E-002,9.685988004742261E-001,-2.722200294645145E-002,
1.017689909080786E+009,9.677812156778862E-001,-2.688480840272895E-002,9.677812156778862E-001,-2.688480840272895E-002,
1.038991596561701E+009,9.671159877705444E-001,-2.731816854153060E-002,9.671159877705444E-001,-2.731816854153060E-002,
1.060739158454346E+009,9.675352686880567E-001,-2.733222025015666E-002,9.675352686880567E-001,-2.733222025015666E-002,
1.082941927540042E+009,9.667836871455546E-001,-2.648530981771258E-002,9.667836871455546E-001,-2.648530981771258E-002,
1.105609431948408E+009,9.656150519433917E-001,-2.581499691554694E-002,9.656150519433917E-001,-2.581499691554694E-002,
1.128751399246275E+009,9.646793072735308E-001,-2.596674278757985E-002,9.646793072735308E-001,-2.596674278757985E-002,
1.152377760612193E+009,9.642425239542072E-001,-2.580760907074773E-002,9.642425239542072E-001,-2.580760907074773E-002,
1.176498655098304E+009,9.632695944034017E-001,-2.552318596784643E-002,9.632695944034017E-001,-2.552318596784643E-002,
1.201124433981439E+009,9.625283778724765E-001,-2.584707511964964E-002,9.625283778724765E-001,-2.584707511964964E-002,
1.226265665205275E+009,9.631033852206441E-001,-2.561271303034557E-002,9.631033852206441E-001,-2.561271303034557E-002,
1.251933137915478E+009,9.621576554424665E-001,-2.454320175765402E-002,9.621576554424665E-001,-2.454320175765402E-002,
1.278137867089775E+009,9.612056024788747E-001,-2.399310851353229E-002,9.612056024788747E-001,-2.399310851353229E-002,
1.304891098264939E+009,9.606825665919556E-001,-2.348331585931831E-002,9.606825665919556E-001,-2.348331585931831E-002,
1.332204312362714E+009,9.595026642057427E-001,-2.295093730591677E-002,9.595026642057427E-001,-2.295093730591677E-002,
1.360089230616753E+009,9.584450312133186E-001,-2.361205153030061E-002,9.584450312133186E-001,-2.361205153030061E-002,
1.388557819602690E+009,9.591749901655708E-001,-2.344541329041784E-002,9.591749901655708E-001,-2.344541329041784E-002,
1.417622296373492E+009,9.581480000500293E-001,-2.249085725876964E-002,9.581480000500293E-001,-2.249085725876964E-002,
1.447295133702302E+009,9.575796780856971E-001,-2.223338876565110E-002,9.575796780856971E-001,-2.223338876565110E-002,
1.477589065435027E+009,9.570166250537153E-001,-2.131446776243891E-002,9.570166250537153E-001,-2.131446776243891E-002,
1.508517091954956E+009,9.554076215718255E-001,-2.112017073179463E-002,9.554076215718255E-001,-2.112017073179463E-002,
1.540092485761767E+009,9.550316976498704E-001,-2.186949189350652E-002,9.550316976498704E-001,-2.186949189350652E-002,
1.572328797167307E+009,9.546557494669039E-001,-2.105484771821494E-002,9.546557494669039E-001,-2.105484771821494E-002,
1.605239860110590E+009,9.546016355187267E-001,-2.099891322494222E-002,9.546016355187267E-001,-2.099891322494222E-002,
1.638839798094518E+009,9.540966711071679E-001,-1.966903637985926E-002,9.540966711071679E-001,-1.966903637985926E-002,
1.673143030246862E+009,9.524871567654064E-001,-1.939256480249899E-002,9.524871567654064E-001,-1.939256480249899E-002,
1.708164277508106E+009,9.523345020451314E-001,-1.944272529364733E-002,9.523345020451314E-001,-1.944272529364733E-002,
1.743918568948813E+009,9.512065527938297E-001,-1.930322727254514E-002,9.512065527938297E-001,-1.930322727254514E-002,
1.780421248219227E+009,9.518571426522884E-001,-1.892557914802307E-002,9.518571426522884E-001,-1.892557914802307E-002,
1.817687980133866E+009,9.505893986757622E-001,-1.737272356197174E-002,9.505893986757622E-001,-1.737272356197174E-002,
1.855734757393946E+009,9.502153412664069E-001,-1.725588007528248E-002,9.502153412664069E-001,-1.725588007528248E-002,
1.894577907450513E+009,9.484917335098210E-001,-1.674660289696703E-002,9.484917335098210E-001,-1.674660289696703E-002,
1.934234099511226E+009,9.488517336037061E-001,-1.790399742223450E-002,9.488517336037061E-001,-1.790399742223450E-002,
1.974720351693812E+009,9.482730972750638E-001,-1.605619783611001E-002,9.482730972750638E-001,-1.605619783611001E-002,
2.016054038329243E+009,9.483024679707810E-001,-1.564480430682051E-002,9.483024679707810E-001,-1.564480430682051E-002,
2.058252897417781E+009,9.465191049895703E-001,-1.497016339635205E-002,9.465191049895703E-001,-1.497016339635205E-002,
2.101335038241093E+009,9.463661195084686E-001,-1.586639141374788E-002,9.463661195084686E-001,-1.586639141374788E-002,
2.145318949133695E+009,9.450266819887352E-001,-1.519625236324179E-002,9.450266819887352E-001,-1.519625236324179E-002,
2.190223505417061E+009,9.451584886162644E-001,-1.429353410487100E-002,9.451584886162644E-001,-1.429353410487100E-002,
2.236067977499810E+009,9.434366727670005E-001,-1.391756035968865E-002,9.434366727670005E-001,-1.391756035968865E-002,
2.282872039147435E+009,9.429266106936258E-001,-1.371349695458755E-002,9.429266106936258E-001,-1.371349695458755E-002,
2.330655775925136E+009,9.427471647475607E-001,-1.396165646710876E-002,9.427471647475607E-001,-1.396165646710876E-002,
2.379439693817366E+009,9.417695406551925E-001,-1.256244133131428E-002,9.417695406551925E-001,-1.256244133131428E-002,
2.429244728027800E+009,9.412414592356013E-001,-1.188109931657463E-002,9.412414592356013E-001,-1.188109931657463E-002,
2.480092251963504E+009,9.402923059653687E-001,-1.246328723329443E-002,9.402923059653687E-001,-1.246328723329443E-002,
2.532004086407146E+009,9.402503335748476E-001,-1.177779118359832E-002,9.402503335748476E-001,-1.177779118359832E-002,
2.585002508881200E+009,9.395201047263705E-001,-1.068481566174880E-002,9.395201047263705E-001,-1.068481566174880E-002,
2.639110263208160E+009,9.381550778673538E-001,-1.121226255924300E-002,9.381550778673538E-001,-1.121226255924300E-002,
2.694350569270853E+009,9.381166462076208E-001,-1.131678539815005E-002,9.381166462076208E-001,-1.131678539815005E-002,
2.750747132977056E+009,9.374403909016226E-001,-1.006555847265512E-002,9.374403909016226E-001,-1.006555847265512E-002,
2.808324156432685E+009,9.368958717170912E-001,-1.016344016091753E-002,9.368958717170912E-001,-1.016344016091753E-002,
2.867106348327923E+009,9.358915944559585E-001,-1.037944079952439E-002,9.358915944559585E-001,-1.037944079952439E-002,
2.927118934540746E+009,9.353103356322182E-001,-9.041137196602463E-003,9.353103356322182E-001,-9.041137196602463E-003,
2.988387668962389E+009,9.344081030204647E-001,-9.229232539910884E-003,9.344081030204647E-001,-9.229232539910884E-003,
3.050938844549417E+009,9.347208623348737E-001,-9.458235166450267E-003,9.347208623348737E-001,-9.458235166450267E-003,
3.114799304607116E+009,9.337572267826473E-001,-8.678037365373172E-003,9.337572267826473E-001,-8.678037365373172E-003,
3.179996454309075E+009,9.323942840968542E-001,-8.770919319809108E-003,9.323942840968542E-001,-8.770919319809108E-003,
3.246558272457882E+009,9.325402288802249E-001,-7.655145609203361E-003,9.325402288802249E-001,-7.655145609203361E-003,
3.314513323491987E+009,9.316677773606341E-001,-7.453957459943054E-003,9.316677773606341E-001,-7.453957459943054E-003,
3.383890769743891E+009,9.315416403746550E-001,-7.881237858373229E-003,9.315416403746550E-001,-7.881237858373229E-003,
3.454720383954909E+009,9.308423644553060E-001,-7.071761928674637E-003,9.308423644553060E-001,-7.071761928674637E-003,
3.527032562051896E+009,9.296912968411795E-001,-7.665019560034363E-003,9.296912968411795E-001,-7.665019560034363E-003,
3.600858336191391E+009,9.300447355705510E-001,-7.578908452594473E-003,9.300447355705510E-001,-7.578908452594473E-003,
3.676229388076813E+009,9.285424024324340E-001,-6.698881629507757E-003,9.285424024324340E-001,-6.698881629507757E-003,
3.753178062554387E+009,9.285885574457040E-001,-8.896013031610523E-003,9.285885574457040E-001,-8.896013031610523E-003,
3.831737381493663E+009,9.282283427088335E-001,-6.646174221866071E-003,9.282283427088335E-001,-6.646174221866071E-003,
3.911941057958573E+009,9.264542010478004E-001,-8.526495144566347E-003,9.264542010478004E-001,-8.526495144566347E-003,
3.993823510675101E+009,9.279950383705160E-001,-7.358901351925554E-003,9.279950383705160E-001,-7.358901351925554E-003,
4.077419878801790E+009,9.251492209692499E-001,-8.047963917195490E-003,9.251492209692499E-001,-8.047963917195490E-003,
4.162766037009410E+009,9.265093406079505E-001,-7.799167622655520E-003,9.265093406079505E-001,-7.799167622655520E-003,
4.249898610876274E+009,9.240926435336250E-001,-6.966229014301772E-003,9.240926435336250E-001,-6.966229014301772E-003,
4.338854992605786E+009,9.253204419175519E-001,-8.313923897104072E-003,9.253204419175519E-001,-8.313923897104072E-003,
4.429673357072994E+009,9.224695732722291E-001,-7.759098113797968E-003,9.224695732722291E-001,-7.759098113797968E-003,
4.522392678207007E+009,9.239318492609744E-001,-8.863194959298772E-003,9.239318492609744E-001,-8.863194959298772E-003,
4.617052745716332E+009,9.225056773674598E-001,-9.094114876509031E-003,9.225056773674598E-001,-9.094114876509031E-003,
4.713694182164284E+009,9.232340077181003E-001,-1.019188230509005E-002,9.232340077181003E-001,-1.019188230509005E-002,
4.812358460401814E+009,9.216743567683734E-001,-1.069280017809796E-002,9.216743567683734E-001,-1.069280017809796E-002,
4.913087921365233E+009,9.220776206778232E-001,-1.180498096749343E-002,9.220776206778232E-001,-1.180498096749343E-002,
5.015925792246465E+009,9.214423586746304E-001,-1.287230570259347E-002,9.214423586746304E-001,-1.287230570259347E-002,
5.120916205043626E+009,9.213399045820107E-001,-1.276898283634346E-002,9.213399045820107E-001,-1.276898283634346E-002,
5.228104215499899E+009,9.208944030627376E-001,-1.485546079333268E-002,9.208944030627376E-001,-1.485546079333268E-002,
5.337535822438821E+009,9.205308090166480E-001,-1.585503934385618E-002,9.205308090166480E-001,-1.585503934385618E-002,
5.449257987504287E+009,9.208407506024442E-001,-1.719859658501532E-002,9.208407506024442E-001,-1.719859658501532E-002,
5.563318655313743E+009,9.210990047399035E-001,-1.970353759941776E-002,9.210990047399035E-001,-1.970353759941776E-002,
5.679766774033207E+009,9.198014964871752E-001,-1.953767962181065E-002,9.198014964871752E-001,-1.953767962181065E-002,
5.798652316382962E+009,9.210144179811077E-001,-2.158685352855121E-002,9.210144179811077E-001,-2.158685352855121E-002,
5.920026301082923E+009,9.201967953642906E-001,-2.517392967493125E-002,9.201967953642906E-001,-2.517392967493125E-002,
6.043940814746885E+009,9.185509813265326E-001,-2.506249104704183E-002,9.185509813265326E-001,-2.506249104704183E-002,
6.170449034235055E+009,9.204216586760702E-001,-2.760824189109616E-002,9.204216586760702E-001,-2.760824189109616E-002,
6.299605249474443E+009,9.198313351106761E-001,-3.082384063009269E-002,9.198313351106761E-001,-3.082384063009269E-002,
6.431464886756929E+009,9.192224817301989E-001,-3.263718138134972E-002,9.192224817301989E-001,-3.263718138134972E-002,
6.566084532524983E+009,9.204600217750518E-001,-3.469785613380416E-002,9.204600217750518E-001,-3.469785613380416E-002,
6.703521957655251E+009,9.210224490425184E-001,-3.846060944692499E-002,9.210224490425184E-001,-3.846060944692499E-002,
6.843836142250444E+009,9.205524569776968E-001,-4.175490524180153E-002,9.205524569776968E-001,-4.175490524180153E-002,
6.987087300950141E+009,9.212135618694114E-001,-4.413979826300173E-002,9.212135618694114E-001,-4.413979826300173E-002,
7.133336908771395E+009,9.217046049990837E-001,-4.641222503363779E-002,9.217046049990837E-001,-4.641222503363779E-002,
7.282647727490209E+009,9.215767877838984E-001,-4.938966410554188E-002,9.215767877838984E-001,-4.938966410554188E-002,
7.435083832575221E+009,9.219585024396704E-001,-5.212328184917648E-002,9.219585024396704E-001,-5.212328184917648E-002,
7.590710640685147E+009,9.229242417063102E-001,-5.514564808134478E-002,9.229242417063102E-001,-5.514564808134478E-002,
7.749594937741785E+009,9.234095498060669E-001,-5.831625225420774E-002,9.234095498060669E-001,-5.831625225420774E-002,
7.911804907590622E+009,9.228202305849864E-001,-6.159501833907256E-002,9.228202305849864E-001,-6.159501833907256E-002,
8.077410161261354E+009,9.223940541855400E-001,-6.448291347294233E-002,9.223940541855400E-001,-6.448291347294233E-002,
8.246481766840870E+009,9.223917313370198E-001,-6.704451103213556E-002,9.223917313370198E-001,-6.704451103213556E-002,
8.419092279971513E+009,9.225304208647254E-001,-6.959708633747713E-002,9.225304208647254E-001,-6.959708633747713E-002,
8.595315774987719E+009,9.228384920504578E-001,-7.232231973505165E-002,9.228384920504578E-001,-7.232231973505165E-002,
8.775227876704388E+009,9.227140076826653E-001,-7.595321020289117E-002,9.227140076826653E-001,-7.595321020289117E-002,
8.958905792870632E+009,9.226962505506323E-001,-7.916758708514729E-002,9.226962505506323E-001,-7.916758708514729E-002,
9.146428347302822E+009,9.220181246650315E-001,-8.220881721684492E-002,9.220181246650315E-001,-8.220881721684492E-002,
9.337876013711161E+009,9.210840673817200E-001,-8.653647379766981E-002,9.210840673817200E-001,-8.653647379766981E-002,
9.533330950234287E+009,9.203950216880934E-001,-8.893978206992158E-002,9.203950216880934E-001,-8.893978206992158E-002,
9.732877034696749E+009,9.192083838391864E-001,-9.226201133605086E-002,9.192083838391864E-001,-9.226201133605086E-002,
9.936599900604454E+009,9.179537206160797E-001,-9.459207341618352E-002,9.179537206160797E-001,-9.459207341618352E-002,
1.014458697389356E+010,9.162494230293085E-001,-9.715183767800883E-002,9.162494230293085E-001,-9.715183767800883E-002,
1.035692751044859E+010,9.141479602822231E-001,-9.902967856218178E-002,9.141479602822231E-001,-9.902967856218178E-002,
1.057371263440579E+010,9.115628480021671E-001,-1.012012295209076E-001,9.115628480021671E-001,-1.012012295209076E-001,
1.079503537725833E+010,9.092320193006782E-001,-1.031929974545830E-001,9.092320193006782E-001,-1.031929974545830E-001,
1.102099071777997E+010,9.065760396502943E-001,-1.042266656350275E-001,9.065760396502943E-001,-1.042266656350275E-001,
1.125167562278435E+010,9.034325589300274E-001,-1.051875392119095E-001,9.034325589300274E-001,-1.051875392119095E-001,
1.148718908873753E+010,8.999535421359557E-001,-1.056766935296361E-001,8.999535421359557E-001,-1.056766935296361E-001,
1.172763218424143E+010,8.962886567560218E-001,-1.061639389035206E-001,8.962886567560218E-001,-1.061639389035206E-001,
1.197310809340661E+010,8.920310310980316E-001,-1.065545134230973E-001,8.920310310980316E-001,-1.065545134230973E-001,
1.222372216013282E+010,8.878959020831903E-001,-1.068679229931250E-001,8.878959020831903E-001,-1.068679229931250E-001,
1.247958193331646E+010,8.833753297580649E-001,-1.059312635002738E-001,8.833753297580649E-001,-1.059312635002738E-001,
1.274079721300426E+010,8.786670467413327E-001,-1.068360982167213E-001,8.786670467413327E-001,-1.068360982167213E-001,
1.300748009751303E+010,8.746616541636149E-001,-1.053292744688131E-001,8.746616541636149E-001,-1.053292744688131E-001,
1.327974503153573E+010,8.697317032685437E-001,-1.046595489117070E-001,8.697317032685437E-001,-1.046595489117070E-001,
1.355770885525442E+010,8.649794100623646E-001,-1.034784704526742E-001,8.649794100623646E-001,-1.034784704526742E-001,
1.384149085448120E+010,8.604835693265118E-001,-1.025884808632991E-001,8.604835693265118E-001,-1.025884808632991E-001,
1.413121281184877E+010,8.549678831058664E-001,-9.990536545873940E-002,8.549678831058664E-001,-9.990536545873940E-002,
1.442699905907235E+010,8.516842467774994E-001,-9.896141398447882E-002,8.516842467774994E-001,-9.896141398447882E-002,
1.472897653030561E+010,8.470427117276455E-001,-9.813418371573217E-002,8.470427117276455E-001,-9.813418371573217E-002,
1.503727481661337E+010,8.435370748429117E-001,-9.607682180631300E-002,8.435370748429117E-001,-9.607682180631300E-002,
1.535202622158452E+010,8.411723276892916E-001,-9.486248078495312E-002,8.411723276892916E-001,-9.486248078495312E-002,
1.567336581810895E+010,8.385997424838289E-001,-9.461769670753428E-002,8.385997424838289E-001,-9.461769670753428E-002,
1.600143150634299E+010,8.363495704351449E-001,-9.485726849288537E-002,8.363495704351449E-001,-9.485726849288537E-002,
1.633636407288800E+010,8.345140649966603E-001,-9.355537930613057E-002,8.345140649966603E-001,-9.355537930613057E-002,
1.667830725120785E+010,8.328624832384950E-001,-9.267402009693118E-002,8.328624832384950E-001,-9.267402009693118E-002,
1.702740778331081E+010,8.319106297173003E-001,-9.257252662110341E-002,8.319106297173003E-001,-9.257252662110341E-002,
1.738381548272271E+010,8.321872186493199E-001,-9.295091756537270E-002,8.321872186493199E-001,-9.295091756537270E-002,
1.774768329877812E+010,8.326930751185927E-001,-9.589038689136772E-002,8.326930751185927E-001,-9.589038689136772E-002,
1.811916738225725E+010,8.338164353777087E-001,-9.792738516279656E-002,8.338164353777087E-001,-9.792738516279656E-002,
1.849842715239673E+010,8.354545540287869E-001,-1.024843723333125E-001,8.354545540287869E-001,-1.024843723333125E-001,
1.888562536530301E+010,8.392231736290899E-001,-1.061275051038411E-001,8.392231736290899E-001,-1.061275051038411E-001,
1.928092818379779E+010,8.421622057271631E-001,-1.103189923999929E-001,8.421622057271631E-001,-1.103189923999929E-001,
1.968450524872536E+010,8.436142387780885E-001,-1.149823952525040E-001,8.436142387780885E-001,-1.149823952525040E-001,
2.009652975175254E+010,8.445411105810936E-001,-1.208606362732075E-001,8.445411105810936E-001,-1.208606362732075E-001,
2.051717850969239E+010,8.465139660943915E-001,-1.269511824272724E-001,8.465139660943915E-001,-1.269511824272724E-001,
2.094663204038366E+010,8.465142152838423E-001,-1.321283316670540E-001,8.465142152838423E-001,-1.321283316670540E-001,
2.138507464015848E+010,8.458127218389995E-001,-1.382612742239781E-001,8.458127218389995E-001,-1.382612742239781E-001,
2.183269446293157E+010,8.456133744120805E-001,-1.445152332953379E-001,8.456133744120805E-001,-1.445152332953379E-001,
2.228968360094489E+010,8.430746839556572E-001,-1.533004328441921E-001,8.430746839556572E-001,-1.533004328441921E-001,
2.275623816720238E+010,8.385339362200500E-001,-1.619328244537103E-001,8.385339362200500E-001,-1.619328244537103E-001,
2.323255837963022E+010,8.350796364861346E-001,-1.685087154659620E-001,8.350796364861346E-001,-1.685087154659620E-001,
2.371884864699861E+010,8.276862194042627E-001,-1.778646994005396E-001,8.276862194042627E-001,-1.778646994005396E-001,
2.421531765664209E+010,8.221812414158078E-001,-1.798300517259946E-001,8.221812414158078E-001,-1.798300517259946E-001,
2.472217846401591E+010,8.147046597696964E-001,-1.886726195967122E-001,8.147046597696964E-001,-1.886726195967122E-001,
2.523964858412701E+010,8.064958739578583E-001,-1.935968190525330E-001,8.064958739578583E-001,-1.935968190525330E-001,
2.576795008487867E+010,7.986767254841493E-001,-2.072134855642000E-001,7.986767254841493E-001,-2.072134855642000E-001,
2.630730968236913E+010,7.913146504384976E-001,-2.109387773726975E-001,7.913146504384976E-001,-2.109387773726975E-001,
2.685795883818483E+010,7.811391478495149E-001,-2.231609551237359E-001,7.811391478495149E-001,-2.231609551237359E-001,
2.742013385873019E+010,7.724119851829581E-001,-2.380508700053894E-001,7.724119851829581E-001,-2.380508700053894E-001,
2.799407599663654E+010,7.652577132074380E-001,-2.541998380939161E-001,7.652577132074380E-001,-2.541998380939161E-001,
2.858003155429355E+010,7.611648515760139E-001,-2.654208022359925E-001,7.611648515760139E-001,-2.654208022359925E-001,
2.917825198954789E+010,7.583832513412523E-001,-2.792270153945469E-001,7.583832513412523E-001,-2.792270153945469E-001,
2.978899402361419E+010,7.526250941448277E-001,-2.921588158517144E-001,7.526250941448277E-001,-2.921588158517144E-001,
3.041251975124476E+010,7.518707481628996E-001,-3.052333800741671E-001,7.518707481628996E-001,-3.052333800741671E-001,
3.104909675320535E+010,7.500392029079974E-001,-3.140998386497679E-001,7.500392029079974E-001,-3.140998386497679E-001,
3.169899821110511E+010,7.505860846917120E-001,-3.264128945072879E-001,7.505860846917120E-001,-3.264128945072879E-001,
3.236250302463025E+010,7.528469558708812E-001,-3.326767895445070E-001,7.528469558708812E-001,-3.326767895445070E-001,
3.303989593123136E+010,7.531771723440800E-001,-3.393261691206651E-001,7.531771723440800E-001,-3.393261691206651E-001,
3.373146762831615E+010,7.565064987685819E-001,-3.389889504649008E-001,7.565064987685819E-001,-3.389889504649008E-001,
3.443751489799971E+010,7.572359139148147E-001,-3.416473217444872E-001,7.572359139148147E-001,-3.416473217444872E-001,
3.515834073446610E+010,7.621054449559863E-001,-3.403291905023463E-001,7.621054449559863E-001,-3.403291905023463E-001,
3.589425447399565E+010,7.635510654366324E-001,-3.345133476311695E-001,7.635510654366324E-001,-3.345133476311695E-001,
3.664557192771407E+010,7.637137973105641E-001,-3.378783235103929E-001,7.637137973105641E-001,-3.378783235103929E-001,
3.741261551712006E+010,7.674151770794145E-001,-3.330955044942378E-001,7.674151770794145E-001,-3.330955044942378E-001,
3.819571441244975E+010,7.685762020484663E-001,-3.247272671823975E-001,7.685762020484663E-001,-3.247272671823975E-001,
3.899520467393736E+010,7.675117938274293E-001,-3.252838779088830E-001,7.675117938274293E-001,-3.252838779088830E-001,
3.981142939603255E+010,7.653590687101279E-001,-3.160844469534117E-001,7.653590687101279E-001,-3.160844469534117E-001,
4.064473885463650E+010,7.650985376624768E-001,-3.164019640744751E-001,7.650985376624768E-001,-3.164019640744751E-001,
4.149549065741983E+010,7.619592636071020E-001,-3.062917855645271E-001,7.619592636071020E-001,-3.062917855645271E-001,
4.236404989728691E+010,7.642252393054582E-001,-2.936216108029071E-001,7.642252393054582E-001,-2.936216108029071E-001,
4.325078930905235E+010,7.647996709603881E-001,-2.772619631686250E-001,7.647996709603881E-001,-2.772619631686250E-001,
4.415608942939697E+010,7.701118355606083E-001,-2.578162259916327E-001,7.701118355606083E-001,-2.578162259916327E-001,
4.508033876017195E+010,7.739720467351088E-001,-2.411222723260870E-001,7.739720467351088E-001,-2.411222723260870E-001,
4.602393393512102E+010,7.794744095007329E-001,-2.193631873430511E-001,7.794744095007329E-001,-2.193631873430511E-001,
4.698727989009248E+010,7.815345880202745E-001,-2.012235859986103E-001,7.815345880202745E-001,-2.012235859986103E-001,
4.797079003681400E+010,7.764645243982390E-001,-1.926040779113035E-001,7.764645243982390E-001,-1.926040779113035E-001,
4.897488644030473E+010,7.699651230837538E-001,-1.762579884879896E-001,7.699651230837538E-001,-1.762579884879896E-001,
5.000000000000000E+010,7.496485550749319E-001,-1.769043658010976E-001,7.496485550749319E-001,-1.769043658010976E-001,
