% Version 1.00
%
%freq[Hz],re:Trc1_S11,im:Trc1_S11,re:Trc2_S11,im:Trc2_S11,
1.000000000000000E+008,-9.822183637923730E-001,8.918056007479887E-003,-9.822183637923730E-001,8.918056007479887E-003,
1.020931412693436E+008,-9.821233465292703E-001,8.807495163615038E-003,-9.821233465292703E-001,8.807495163615038E-003,
1.042300949424215E+008,-9.818749065927882E-001,8.884907339527143E-003,-9.818749065927882E-001,8.884907339527143E-003,
1.064117780747374E+008,-9.818810164550951E-001,8.663264545393226E-003,-9.818810164550951E-001,8.663264545393226E-003,
1.086391269170620E+008,-9.818346215958838E-001,9.142267830134667E-003,-9.818346215958838E-001,9.142267830134667E-003,
1.109130973172177E+008,-9.816495087446773E-001,9.119611744213598E-003,-9.816495087446773E-001,9.119611744213598E-003,
1.132346651302716E+008,-9.815053118290955E-001,9.071017259041541E-003,-9.815053118290955E-001,9.071017259041541E-003,
1.156048266373163E+008,-9.815884044673118E-001,9.113310056071139E-003,-9.815884044673118E-001,9.113310056071139E-003,
1.180245989730151E+008,-9.812787508339980E-001,9.237875579730062E-003,-9.812787508339980E-001,9.237875579730062E-003,
1.204950205620966E+008,-9.812090420827047E-001,9.042835781530832E-003,-9.812090420827047E-001,9.042835781530832E-003,
1.230171515649859E+008,-9.809270986833918E-001,9.332537573193300E-003,-9.809270986833918E-001,9.332537573193300E-003,
1.255920743327636E+008,-9.808405553378246E-001,9.214889593680798E-003,-9.808405553378246E-001,9.214889593680798E-003,
1.282208938716474E+008,-9.807721240546807E-001,9.376890202831853E-003,-9.807721240546807E-001,9.376890202831853E-003,
1.309047383171961E+008,-9.807457572502850E-001,9.297983409902021E-003,-9.807457572502850E-001,9.297983409902021E-003,
1.336447594184396E+008,-9.804513715369305E-001,9.432900834613015E-003,-9.804513715369305E-001,9.432900834613015E-003,
1.364421330321420E+008,-9.804265918067765E-001,9.502081828339955E-003,-9.804265918067765E-001,9.502081828339955E-003,
1.392980596274105E+008,-9.802915972514619E-001,9.410288542223807E-003,-9.802915972514619E-001,9.410288542223807E-003,
1.422137648008667E+008,-9.801693981045742E-001,9.670002435493102E-003,-9.801693981045742E-001,9.670002435493102E-003,
1.451904998026009E+008,-9.799959321283640E-001,9.613607940578939E-003,-9.799959321283640E-001,9.613607940578939E-003,
1.482295420731354E+008,-9.799045464923357E-001,9.774440171228992E-003,-9.799045464923357E-001,9.774440171228992E-003,
1.513321957916272E+008,-9.797938912667963E-001,9.748154252031183E-003,-9.797938912667963E-001,9.748154252031183E-003,
1.544997924355456E+008,-9.795626314805010E-001,9.751872083437082E-003,-9.795626314805010E-001,9.751872083437082E-003,
1.577336913520643E+008,-9.794940420807661E-001,9.862095599336127E-003,-9.794940420807661E-001,9.862095599336127E-003,
1.610352803414134E+008,-9.794656997608291E-001,9.863275014501729E-003,-9.794656997608291E-001,9.863275014501729E-003,
1.644059762524427E+008,-9.793111070296081E-001,1.003340191346700E-002,-9.793111070296081E-001,1.003340191346700E-002,
1.678472255906498E+008,-9.791529048452107E-001,1.005993784978588E-002,-9.791529048452107E-001,1.005993784978588E-002,
1.713605051389360E+008,-9.789455026223257E-001,1.010751117932054E-002,-9.789455026223257E-001,1.010751117932054E-002,
1.749473225913547E+008,-9.788127183527273E-001,1.013835227253445E-002,-9.788127183527273E-001,1.013835227253445E-002,
1.786092172001261E+008,-9.785362631354538E-001,1.019413333410563E-002,-9.785362631354538E-001,1.019413333410563E-002,
1.823477604361935E+008,-9.787041832879111E-001,1.031637449330536E-002,-9.787041832879111E-001,1.031637449330536E-002,
1.861645566636073E+008,-9.784694135622287E-001,1.035510637529883E-002,-9.784694135622287E-001,1.035510637529883E-002,
1.900612438280239E+008,-9.783115349675836E-001,1.034871177508639E-002,-9.783115349675836E-001,1.034871177508639E-002,
1.940394941596160E+008,-9.781534547365215E-001,1.045691969786515E-002,-9.781534547365215E-001,1.045691969786515E-002,
1.981010148906965E+008,-9.780443488847730E-001,1.071035303645254E-002,-9.780443488847730E-001,1.071035303645254E-002,
2.022475489883622E+008,-9.780142612081353E-001,1.051824835288867E-002,-9.780142612081353E-001,1.051824835288867E-002,
2.064808759024735E+008,-9.779182526161993E-001,1.064092649835631E-002,-9.779182526161993E-001,1.064092649835631E-002,
2.108028123292904E+008,-9.775463046212738E-001,1.097094037009247E-002,-9.775463046212738E-001,1.097094037009247E-002,
2.152152129910917E+008,-9.775212279663349E-001,1.070622111021838E-002,-9.775212279663349E-001,1.070622111021838E-002,
2.197199714321140E+008,-9.772860842064799E-001,1.093735615824199E-002,-9.772860842064799E-001,1.093735615824199E-002,
2.243190208311496E+008,-9.772564751312316E-001,1.083504424521293E-002,-9.772564751312316E-001,1.083504424521293E-002,
2.290143348311539E+008,-9.770596989107568E-001,1.091411626191779E-002,-9.770596989107568E-001,1.091411626191779E-002,
2.338079283862175E+008,-9.769263281878922E-001,1.098312188108148E-002,-9.769263281878922E-001,1.098312188108148E-002,
2.387018586262668E+008,-9.768713883277507E-001,1.109393632853867E-002,-9.768713883277507E-001,1.109393632853867E-002,
2.436982257398635E+008,-9.766549612580388E-001,1.104869031956837E-002,-9.766549612580388E-001,1.104869031956837E-002,
2.487991738754827E+008,-9.764815035758118E-001,1.099151493330780E-002,-9.764815035758118E-001,1.099151493330780E-002,
2.540068920616564E+008,-9.763323873672406E-001,1.097025047509775E-002,-9.763323873672406E-001,1.097025047509775E-002,
2.593236151463760E+008,-9.761766464017453E-001,1.117439682423817E-002,-9.761766464017453E-001,1.117439682423817E-002,
2.647516247561587E+008,-9.760441699804986E-001,1.108349098367166E-002,-9.760441699804986E-001,1.108349098367166E-002,
2.702932502751876E+008,-9.759168459443226E-001,1.104803273067228E-002,-9.759168459443226E-001,1.104803273067228E-002,
2.759508698449477E+008,-9.757331086111025E-001,1.116020270048550E-002,-9.757331086111025E-001,1.116020270048550E-002,
2.817269113847850E+008,-9.756602868196602E-001,1.128599183913913E-002,-9.756602868196602E-001,1.128599183913913E-002,
2.876238536338270E+008,-9.755310876320003E-001,1.124333312587734E-002,-9.755310876320003E-001,1.124333312587734E-002,
2.936442272147132E+008,-9.752083386493827E-001,1.123041972440652E-002,-9.752083386493827E-001,1.123041972440652E-002,
2.997906157195895E+008,-9.752033197274082E-001,1.117893642283346E-002,-9.752033197274082E-001,1.117893642283346E-002,
3.060656568188355E+008,-9.750052800488698E-001,1.126273845854164E-002,-9.750052800488698E-001,1.126273845854164E-002,
3.124720433929982E+008,-9.748659652720140E-001,1.132506646894867E-002,-9.748659652720140E-001,1.132506646894867E-002,
3.190125246884183E+008,-9.746446946466039E-001,1.143447888014511E-002,-9.746446946466039E-001,1.143447888014511E-002,
3.256899074970465E+008,-9.744756350405915E-001,1.146986774713620E-002,-9.744756350405915E-001,1.146986774713620E-002,
3.325070573609542E+008,-9.743904254805964E-001,1.134834646576849E-002,-9.743904254805964E-001,1.134834646576849E-002,
3.394668998020564E+008,-9.742319977191408E-001,1.150376453844689E-002,-9.742319977191408E-001,1.150376453844689E-002,
3.465724215775746E+008,-9.739680948933983E-001,1.151114044744706E-002,-9.739680948933983E-001,1.151114044744706E-002,
3.538266719617783E+008,-9.738304870005811E-001,1.157502945470324E-002,-9.738304870005811E-001,1.157502945470324E-002,
3.612327640545553E+008,-9.737099941906439E-001,1.160749524219009E-002,-9.737099941906439E-001,1.160749524219009E-002,
3.687938761173719E+008,-9.735692323511300E-001,1.172456674512445E-002,-9.735692323511300E-001,1.172456674512445E-002,
3.765132529371966E+008,-9.734384096512843E-001,1.181581351799379E-002,-9.734384096512843E-001,1.181581351799379E-002,
3.843942072189731E+008,-9.733316310257200E-001,1.186939569216342E-002,-9.733316310257200E-001,1.186939569216342E-002,
3.924401210072396E+008,-9.732158242169489E-001,1.200405613090583E-002,-9.732158242169489E-001,1.200405613090583E-002,
4.006544471375042E+008,-9.730259838068029E-001,1.202435051407559E-002,-9.730259838068029E-001,1.202435051407559E-002,
4.090407107179998E+008,-9.729097890366929E-001,1.202019874999635E-002,-9.729097890366929E-001,1.202019874999635E-002,
4.176025106424546E+008,-9.727501223083542E-001,1.213321055707902E-002,-9.727501223083542E-001,1.213321055707902E-002,
4.263435211345269E+008,-9.726070607226830E-001,1.214252137933728E-002,-9.726070607226830E-001,1.214252137933728E-002,
4.352674933245664E+008,-9.725002411799129E-001,1.202587261415912E-002,-9.725002411799129E-001,1.202587261415912E-002,
4.443782568593804E+008,-9.723186479363082E-001,1.204194674116772E-002,-9.723186479363082E-001,1.204194674116772E-002,
4.536797215456938E+008,-9.721824878379904E-001,1.200625692512083E-002,-9.721824878379904E-001,1.200625692512083E-002,
4.631758790280099E+008,-9.721056661145686E-001,1.205911945105651E-002,-9.721056661145686E-001,1.205911945105651E-002,
4.728708045015902E+008,-9.720051617558876E-001,1.202991696607950E-002,-9.720051617558876E-001,1.202991696607950E-002,
4.827686584612901E+008,-9.717173883374126E-001,1.195748740564412E-002,-9.717173883374126E-001,1.195748740564412E-002,
4.928736884869999E+008,-9.715535567268103E-001,1.195717682490560E-002,-9.715535567268103E-001,1.195717682490560E-002,
5.031902310664573E+008,-9.712871651129478E-001,1.200356098144690E-002,-9.712871651129478E-001,1.200356098144690E-002,
5.137227134562149E+008,-9.710099041306262E-001,1.206073857467589E-002,-9.710099041306262E-001,1.206073857467589E-002,
5.244756555815587E+008,-9.707818439395674E-001,1.216991779963565E-002,-9.707818439395674E-001,1.216991779963565E-002,
5.354536719761968E+008,-9.706400487223621E-001,1.222145387004256E-002,-9.706400487223621E-001,1.222145387004256E-002,
5.466614737625463E+008,-9.705095073352191E-001,1.232468714771024E-002,-9.705095073352191E-001,1.232468714771024E-002,
5.581038706734722E+008,-9.703627675589571E-001,1.236696079531965E-002,-9.703627675589571E-001,1.236696079531965E-002,
5.697857731163427E+008,-9.702565949983800E-001,1.234816458111704E-002,-9.702565949983800E-001,1.234816458111704E-002,
5.817121942802894E+008,-9.700480454572416E-001,1.237292127135726E-002,-9.700480454572416E-001,1.237292127135726E-002,
5.938882522875744E+008,-9.699072264454568E-001,1.256201968657968E-002,-9.699072264454568E-001,1.256201968657968E-002,
6.063191723899891E+008,-9.696780347294647E-001,1.257874093330047E-002,-9.696780347294647E-001,1.257874093330047E-002,
6.190102892112266E+008,-9.695527475696038E-001,1.258882880811302E-002,-9.695527475696038E-001,1.258882880811302E-002,
6.319670490361900E+008,-9.695807406187631E-001,1.258565102998694E-002,-9.695807406187631E-001,1.258565102998694E-002,
6.451950121482195E+008,-9.694515056542202E-001,1.247061581259429E-002,-9.694515056542202E-001,1.247061581259429E-002,
6.586998552152404E+008,-9.691877301108535E-001,1.246648729005404E-002,-9.691877301108535E-001,1.246648729005404E-002,
6.724873737258571E+008,-9.689322666574451E-001,1.237443135575546E-002,-9.689322666574451E-001,1.237443135575546E-002,
6.865634844764381E+008,-9.686549109220305E-001,1.247654288886812E-002,-9.686549109220305E-001,1.247654288886812E-002,
7.009342281102579E+008,-9.684749023426054E-001,1.261218729207236E-002,-9.684749023426054E-001,1.261218729207236E-002,
7.156057717097888E+008,-9.683164161629492E-001,1.263002027989428E-002,-9.683164161629492E-001,1.263002027989428E-002,
7.305844114432513E+008,-9.681346634133988E-001,1.265166788546734E-002,-9.681346634133988E-001,1.265166788546734E-002,
7.458765752665610E+008,-9.679116081678972E-001,1.258941601991451E-002,-9.679116081678972E-001,1.258941601991451E-002,
7.614888256818322E+008,-9.676648733817443E-001,1.278270501867187E-002,-9.676648733817443E-001,1.278270501867187E-002,
7.774278625536187E+008,-9.677076653966520E-001,1.278767403271695E-002,-9.677076653966520E-001,1.278767403271695E-002,
7.937005259841044E+008,-9.678298631187171E-001,1.266768000839750E-002,-9.678298631187171E-001,1.266768000839750E-002,
8.103137992484750E+008,-9.676376389585321E-001,1.235363250458439E-002,-9.676376389585321E-001,1.235363250458439E-002,
8.272748117917309E+008,-9.673760772196969E-001,1.218233158815528E-002,-9.673760772196969E-001,1.218233158815528E-002,
8.445908422882283E+008,-9.671459416582771E-001,1.242268449915746E-002,-9.671459416582771E-001,1.242268449915746E-002,
8.622693217652600E+008,-9.669948810244365E-001,1.250187818968680E-002,-9.669948810244365E-001,1.250187818968680E-002,
8.803178367920179E+008,-9.667844328404482E-001,1.244017721446848E-002,-9.667844328404482E-001,1.244017721446848E-002,
8.987441327353046E+008,-9.664810586670223E-001,1.244242437987434E-002,-9.664810586670223E-001,1.244242437987434E-002,
9.175561170833916E+008,-9.662121334924061E-001,1.269508898710754E-002,-9.662121334924061E-001,1.269508898710754E-002,
9.367618628394508E+008,-9.663363650380352E-001,1.293564414992588E-002,-9.663363650380352E-001,1.293564414992588E-002,
9.563696119860154E+008,-9.664970643478322E-001,1.275636995015271E-002,-9.664970643478322E-001,1.275636995015271E-002,
9.763877790219561E+008,-9.663186225694190E-001,1.244264494966826E-002,-9.663186225694190E-001,1.244264494966826E-002,
9.968249545734922E+008,-9.660636224783364E-001,1.256909430025847E-002,-9.660636224783364E-001,1.256909430025847E-002,
1.017689909080786E+009,-9.662423408572496E-001,1.243995556003022E-002,-9.662423408572496E-001,1.243995556003022E-002,
1.038991596561701E+009,-9.659811997158639E-001,1.205002391563221E-002,-9.659811997158639E-001,1.205002391563221E-002,
1.060739158454346E+009,-9.655044996894115E-001,1.189356255974077E-002,-9.655044996894115E-001,1.189356255974077E-002,
1.082941927540042E+009,-9.649876558966452E-001,1.249651402937703E-002,-9.649876558966452E-001,1.249651402937703E-002,
1.105609431948408E+009,-9.654255205142218E-001,1.279694179194103E-002,-9.654255205142218E-001,1.279694179194103E-002,
1.128751399246275E+009,-9.655036969427941E-001,1.240407718621323E-002,-9.655036969427941E-001,1.240407718621323E-002,
1.152377760612193E+009,-9.653573636454154E-001,1.235584695740886E-002,-9.653573636454154E-001,1.235584695740886E-002,
1.176498655098304E+009,-9.655439162386933E-001,1.252195663026670E-002,-9.655439162386933E-001,1.252195663026670E-002,
1.201124433981439E+009,-9.653352285142485E-001,1.202724179698989E-002,-9.653352285142485E-001,1.202724179698989E-002,
1.226265665205275E+009,-9.648202577286131E-001,1.169232331181435E-002,-9.648202577286131E-001,1.169232331181435E-002,
1.251933137915478E+009,-9.645265599181906E-001,1.241348028543897E-002,-9.645265599181906E-001,1.241348028543897E-002,
1.278137867089775E+009,-9.648999965796201E-001,1.248940619220940E-002,-9.648999965796201E-001,1.248940619220940E-002,
1.304891098264939E+009,-9.648499487365103E-001,1.247853823471960E-002,-9.648499487365103E-001,1.247853823471960E-002,
1.332204312362714E+009,-9.654950455185327E-001,1.242015608801217E-002,-9.654950455185327E-001,1.242015608801217E-002,
1.360089230616753E+009,-9.653327807405353E-001,1.160902234433259E-002,-9.653327807405353E-001,1.160902234433259E-002,
1.388557819602690E+009,-9.646396742060950E-001,1.145986553044276E-002,-9.646396742060950E-001,1.145986553044276E-002,
1.417622296373492E+009,-9.645773659465992E-001,1.212840844423051E-002,-9.645773659465992E-001,1.212840844423051E-002,
1.447295133702302E+009,-9.645916650209118E-001,1.174598581823984E-002,-9.645916650209118E-001,1.174598581823984E-002,
1.477589065435027E+009,-9.642700660234378E-001,1.255946388706539E-002,-9.642700660234378E-001,1.255946388706539E-002,
1.508517091954956E+009,-9.654919006155911E-001,1.228894428309528E-002,-9.654919006155911E-001,1.228894428309528E-002,
1.540092485761767E+009,-9.650276705940090E-001,1.123877597140187E-002,-9.650276705940090E-001,1.123877597140187E-002,
1.572328797167307E+009,-9.646559210013238E-001,1.147966343902185E-002,-9.646559210013238E-001,1.147966343902185E-002,
1.605239860110590E+009,-9.643090088344520E-001,1.100829343653786E-002,-9.643090088344520E-001,1.100829343653786E-002,
1.638839798094518E+009,-9.639724011690417E-001,1.205466669629457E-002,-9.639724011690417E-001,1.205466669629457E-002,
1.673143030246862E+009,-9.651001748267093E-001,1.184453311610479E-002,-9.651001748267093E-001,1.184453311610479E-002,
1.708164277508106E+009,-9.647370390936108E-001,1.141718229527173E-002,-9.647370390936108E-001,1.141718229527173E-002,
1.743918568948813E+009,-9.650718612695779E-001,1.124814043119966E-002,-9.650718612695779E-001,1.124814043119966E-002,
1.780421248219227E+009,-9.641216768789285E-001,1.096838816377456E-002,-9.641216768789285E-001,1.096838816377456E-002,
1.817687980133866E+009,-9.646574308802606E-001,1.204742276517902E-002,-9.646574308802606E-001,1.204742276517902E-002,
1.855734757393946E+009,-9.647156132288561E-001,1.161143456887095E-002,-9.647156132288561E-001,1.161143456887095E-002,
1.894577907450513E+009,-9.656287239905377E-001,1.180181121675999E-002,-9.656287239905377E-001,1.180181121675999E-002,
1.934234099511226E+009,-9.648161815558727E-001,1.054467472901548E-002,-9.648161815558727E-001,1.054467472901548E-002,
1.974720351693812E+009,-9.644694104687070E-001,1.164589795996970E-002,-9.644694104687070E-001,1.164589795996970E-002,
2.016054038329243E+009,-9.641898980447428E-001,1.170960858238588E-002,-9.641898980447428E-001,1.170960858238588E-002,
2.058252897417781E+009,-9.653920336707926E-001,1.178669866531439E-002,-9.653920336707926E-001,1.178669866531439E-002,
2.101335038241093E+009,-9.647316231321538E-001,1.115806804507421E-002,-9.647316231321538E-001,1.115806804507421E-002,
2.145318949133695E+009,-9.650279357749575E-001,1.084568271168793E-002,-9.650279357749575E-001,1.084568271168793E-002,
2.190223505417061E+009,-9.640874095635681E-001,1.137495796962540E-002,-9.640874095635681E-001,1.137495796962540E-002,
2.236067977499810E+009,-9.653989229535820E-001,1.144028797389139E-002,-9.653989229535820E-001,1.144028797389139E-002,
2.282872039147435E+009,-9.655327198561505E-001,1.125160308941643E-002,-9.655327198561505E-001,1.125160308941643E-002,
2.330655775925136E+009,-9.649266103219312E-001,1.046050513970579E-002,-9.649266103219312E-001,1.046050513970579E-002,
2.379439693817366E+009,-9.652999465663699E-001,1.114194829095358E-002,-9.652999465663699E-001,1.114194829095358E-002,
2.429244728027800E+009,-9.652058488767041E-001,1.128054408924224E-002,-9.652058488767041E-001,1.128054408924224E-002,
2.480092251963504E+009,-9.655930873006291E-001,1.004731081659061E-002,-9.655930873006291E-001,1.004731081659061E-002,
2.532004086407146E+009,-9.652657275252142E-001,1.056855595633900E-002,-9.652657275252142E-001,1.056855595633900E-002,
2.585002508881200E+009,-9.651921038469102E-001,1.105295235248034E-002,-9.651921038469102E-001,1.105295235248034E-002,
2.639110263208160E+009,-9.659162807256169E-001,9.786086526564281E-003,-9.659162807256169E-001,9.786086526564281E-003,
2.694350569270853E+009,-9.658086026230053E-001,9.867641391784372E-003,-9.658086026230053E-001,9.867641391784372E-003,
2.750747132977056E+009,-9.656491036843623E-001,1.067273206626251E-002,-9.656491036843623E-001,1.067273206626251E-002,
2.808324156432685E+009,-9.661407278899187E-001,9.871218514045951E-003,-9.661407278899187E-001,9.871218514045951E-003,
2.867106348327923E+009,-9.659842165512591E-001,9.074459761463661E-003,-9.659842165512591E-001,9.074459761463661E-003,
2.927118934540746E+009,-9.665652900409831E-001,9.805073117833640E-003,-9.665652900409831E-001,9.805073117833640E-003,
2.988387668962389E+009,-9.666121007131227E-001,9.277371739100246E-003,-9.666121007131227E-001,9.277371739100246E-003,
3.050938844549417E+009,-9.657531467220013E-001,8.983645857931322E-003,-9.657531467220013E-001,8.983645857931322E-003,
3.114799304607116E+009,-9.668041394672579E-001,8.592498013123451E-003,-9.668041394672579E-001,8.592498013123451E-003,
3.179996454309075E+009,-9.672106884061396E-001,7.881649905264786E-003,-9.672106884061396E-001,7.881649905264786E-003,
3.246558272457882E+009,-9.668794339080304E-001,8.481798256955461E-003,-9.668794339080304E-001,8.481798256955461E-003,
3.314513323491987E+009,-9.678198759790337E-001,8.014398397048012E-003,-9.678198759790337E-001,8.014398397048012E-003,
3.383890769743891E+009,-9.670823308785355E-001,7.221306618695860E-003,-9.670823308785355E-001,7.221306618695860E-003,
3.454720383954909E+009,-9.673380421689324E-001,7.978157227840992E-003,-9.673380421689324E-001,7.978157227840992E-003,
3.527032562051896E+009,-9.680970536929949E-001,6.872372867713554E-003,-9.680970536929949E-001,6.872372867713554E-003,
3.600858336191391E+009,-9.673883023285447E-001,5.762722642596531E-003,-9.673883023285447E-001,5.762722642596531E-003,
3.676229388076813E+009,-9.688534493304037E-001,6.056933748445583E-003,-9.688534493304037E-001,6.056933748445583E-003,
3.753178062554387E+009,-9.682187979836846E-001,3.931749905542934E-003,-9.682187979836846E-001,3.931749905542934E-003,
3.831737381493663E+009,-9.682960466683022E-001,5.327134057438696E-003,-9.682960466683022E-001,5.327134057438696E-003,
3.911941057958573E+009,-9.691934425420433E-001,3.017825648333286E-003,-9.691934425420433E-001,3.017825648333286E-003,
3.993823510675101E+009,-9.676418687625379E-001,4.388141694834230E-003,-9.676418687625379E-001,4.388141694834230E-003,
4.077419878801790E+009,-9.698399425470755E-001,2.596061861984037E-003,-9.698399425470755E-001,2.596061861984037E-003,
4.162766037009410E+009,-9.677524473265554E-001,2.475655477051184E-003,-9.677524473265554E-001,2.475655477051184E-003,
4.249898610876274E+009,-9.704974080480953E-001,1.601821786718940E-003,-9.704974080480953E-001,1.601821786718940E-003,
4.338854992605786E+009,-9.679290690152197E-001,1.390071758083870E-003,-9.679290690152197E-001,1.390071758083870E-003,
4.429673357072994E+009,-9.706004260282107E-001,2.425782374024337E-005,-9.706004260282107E-001,2.425782374024337E-005,
4.522392678207007E+009,-9.684683976710922E-001,-5.780085293569748E-004,-9.684683976710922E-001,-5.780085293569748E-004,
4.617052745716332E+009,-9.700275074943059E-001,-1.056589629339197E-003,-9.700275074943059E-001,-1.056589629339197E-003,
4.713694182164284E+009,-9.685471036886952E-001,-1.283259905065861E-003,-9.685471036886952E-001,-1.283259905065861E-003,
4.812358460401814E+009,-9.700076915128937E-001,-2.804968635182845E-003,-9.700076915128937E-001,-2.804968635182845E-003,
4.913087921365233E+009,-9.690553283696628E-001,-3.734227294078081E-003,-9.690553283696628E-001,-3.734227294078081E-003,
5.015925792246465E+009,-9.693690840027910E-001,-5.173986085979361E-003,-9.693690840027910E-001,-5.173986085979361E-003,
5.120916205043626E+009,-9.688859774453806E-001,-5.106875590369077E-003,-9.688859774453806E-001,-5.106875590369077E-003,
5.228104215499899E+009,-9.684170848663294E-001,-7.020343475845760E-003,-9.684170848663294E-001,-7.020343475845760E-003,
5.337535822438821E+009,-9.686995441012052E-001,-7.430885432406344E-003,-9.686995441012052E-001,-7.430885432406344E-003,
5.449257987504287E+009,-9.683744415761211E-001,-8.411997210693920E-003,-9.683744415761211E-001,-8.411997210693920E-003,
5.563318655313743E+009,-9.676004086378180E-001,-1.161413832108976E-002,-9.676004086378180E-001,-1.161413832108976E-002,
5.679766774033207E+009,-9.688709273582674E-001,-1.128100767138554E-002,-9.688709273582674E-001,-1.128100767138554E-002,
5.798652316382962E+009,-9.671976312440394E-001,-1.197453326312054E-002,-9.671976312440394E-001,-1.197453326312054E-002,
5.920026301082923E+009,-9.668977180652453E-001,-1.566170119423507E-002,-9.668977180652453E-001,-1.566170119423507E-002,
6.043940814746885E+009,-9.682956939735254E-001,-1.549363570272639E-002,-9.682956939735254E-001,-1.549363570272639E-002,
6.170449034235055E+009,-9.667931205298559E-001,-1.659635967158958E-002,-9.667931205298559E-001,-1.659635967158958E-002,
6.299605249474443E+009,-9.661186559669850E-001,-1.965245333799755E-002,-9.661186559669850E-001,-1.965245333799755E-002,
6.431464886756929E+009,-9.670751382739421E-001,-2.061320518194232E-002,-9.670751382739421E-001,-2.061320518194232E-002,
6.566084532524983E+009,-9.656067280787364E-001,-2.192141147756137E-002,-9.656067280787364E-001,-2.192141147756137E-002,
6.703521957655251E+009,-9.640750535702699E-001,-2.382232529023471E-002,-9.640750535702699E-001,-2.382232529023471E-002,
6.843836142250444E+009,-9.643728019705228E-001,-2.711761505332266E-002,-9.643728019705228E-001,-2.711761505332266E-002,
6.987087300950141E+009,-9.640719210132628E-001,-2.841228926074466E-002,-9.640719210132628E-001,-2.841228926074466E-002,
7.133336908771395E+009,-9.630083517525111E-001,-3.013659025065008E-002,-9.630083517525111E-001,-3.013659025065008E-002,
7.282647727490209E+009,-9.628469007584464E-001,-3.159602642105460E-002,-9.628469007584464E-001,-3.159602642105460E-002,
7.435083832575221E+009,-9.613037020975677E-001,-3.300794226646795E-002,-9.613037020975677E-001,-3.300794226646795E-002,
7.590710640685147E+009,-9.601935651990601E-001,-3.548271099710294E-002,-9.601935651990601E-001,-3.548271099710294E-002,
7.749594937741785E+009,-9.597854068388501E-001,-3.764255112165336E-002,-9.597854068388501E-001,-3.764255112165336E-002,
7.911804907590622E+009,-9.589448170063910E-001,-4.051077495937310E-002,-9.589448170063910E-001,-4.051077495937310E-002,
8.077410161261354E+009,-9.585327705172408E-001,-4.246930971158560E-002,-9.585327705172408E-001,-4.246930971158560E-002,
8.246481766840870E+009,-9.579250728297781E-001,-4.453525852947948E-002,-9.579250728297781E-001,-4.453525852947948E-002,
8.419092279971513E+009,-9.570642509917340E-001,-4.662781849187862E-002,-9.570642509917340E-001,-4.662781849187862E-002,
8.595315774987719E+009,-9.560039259883529E-001,-4.825712441916089E-002,-9.560039259883529E-001,-4.825712441916089E-002,
8.775227876704388E+009,-9.550630918008350E-001,-5.073950508102018E-002,-9.550630918008350E-001,-5.073950508102018E-002,
8.958905792870632E+009,-9.538821549467397E-001,-5.290293019579036E-002,-9.538821549467397E-001,-5.290293019579036E-002,
9.146428347302822E+009,-9.526085451616996E-001,-5.408372448496211E-002,-9.526085451616996E-001,-5.408372448496211E-002,
9.337876013711161E+009,-9.517569952300304E-001,-5.808104294112382E-002,-9.517569952300304E-001,-5.808104294112382E-002,
9.533330950234287E+009,-9.505400081760487E-001,-5.894324928351322E-002,-9.505400081760487E-001,-5.894324928351322E-002,
9.732877034696749E+009,-9.497223109558846E-001,-6.052216808401268E-002,-9.497223109558846E-001,-6.052216808401268E-002,
9.936599900604454E+009,-9.493164337529670E-001,-6.242765248036335E-002,-9.493164337529670E-001,-6.242765248036335E-002,
1.014458697389356E+010,-9.494119350167373E-001,-6.469922516847612E-002,-9.494119350167373E-001,-6.469922516847612E-002,
1.035692751044859E+010,-9.496184598541596E-001,-6.685164056320664E-002,-9.496184598541596E-001,-6.685164056320664E-002,
1.057371263440579E+010,-9.493479025251372E-001,-6.924597615069153E-002,-9.493479025251372E-001,-6.924597615069153E-002,
1.079503537725833E+010,-9.494259379952896E-001,-7.109010853104403E-002,-9.494259379952896E-001,-7.109010853104403E-002,
1.102099071777997E+010,-9.491394168703831E-001,-7.323868164237499E-002,-9.491394168703831E-001,-7.323868164237499E-002,
1.125167562278435E+010,-9.497847309072988E-001,-7.523339356534992E-002,-9.497847309072988E-001,-7.523339356534992E-002,
1.148718908873753E+010,-9.508902425915605E-001,-7.725765005651863E-002,-9.508902425915605E-001,-7.725765005651863E-002,
1.172763218424143E+010,-9.515737354138740E-001,-7.779275945765604E-002,-9.515737354138740E-001,-7.779275945765604E-002,
1.197310809340661E+010,-9.534454516757194E-001,-7.978677077071963E-002,-9.534454516757194E-001,-7.978677077071963E-002,
1.222372216013282E+010,-9.543803907426033E-001,-8.094139669122795E-002,-9.543803907426033E-001,-8.094139669122795E-002,
1.247958193331646E+010,-9.570413998810321E-001,-8.146728260774569E-002,-9.570413998810321E-001,-8.146728260774569E-002,
1.274079721300426E+010,-9.588537403862140E-001,-8.383682102436182E-002,-9.588537403862140E-001,-8.383682102436182E-002,
1.300748009751303E+010,-9.615392172177190E-001,-8.365658806590656E-002,-9.615392172177190E-001,-8.365658806590656E-002,
1.327974503153573E+010,-9.645863171482383E-001,-8.487733236685364E-002,-9.645863171482383E-001,-8.487733236685364E-002,
1.355770885525442E+010,-9.675021687912098E-001,-8.562500090745212E-002,-9.675021687912098E-001,-8.562500090745212E-002,
1.384149085448120E+010,-9.699924009307513E-001,-8.622823547831589E-002,-9.699924009307513E-001,-8.622823547831589E-002,
1.413121281184877E+010,-9.740500078021072E-001,-8.744309967684369E-002,-9.740500078021072E-001,-8.744309967684369E-002,
1.442699905907235E+010,-9.775903618727896E-001,-8.600633731699187E-002,-9.775903618727896E-001,-8.600633731699187E-002,
1.472897653030561E+010,-9.800220686258576E-001,-8.712230944798508E-002,-9.800220686258576E-001,-8.712230944798508E-002,
1.503727481661337E+010,-9.840340558793412E-001,-8.758766678499869E-002,-9.840340558793412E-001,-8.758766678499869E-002,
1.535202622158452E+010,-9.866365782535498E-001,-8.506673302373995E-002,-9.866365782535498E-001,-8.506673302373995E-002,
1.567336581810895E+010,-9.887435743905436E-001,-8.457665474499074E-002,-9.887435743905436E-001,-8.457665474499074E-002,
1.600143150634299E+010,-9.902771411588162E-001,-8.496575613098129E-002,-9.902771411588162E-001,-8.496575613098129E-002,
1.633636407288800E+010,-9.921997529860945E-001,-8.425523328093187E-002,-9.921997529860945E-001,-8.425523328093187E-002,
1.667830725120785E+010,-9.933089274646063E-001,-8.479493647232519E-002,-9.933089274646063E-001,-8.479493647232519E-002,
1.702740778331081E+010,-9.939223426741848E-001,-8.516331238339482E-002,-9.939223426741848E-001,-8.516331238339482E-002,
1.738381548272271E+010,-9.924787478400370E-001,-8.351189492035557E-002,-9.924787478400370E-001,-8.351189492035557E-002,
1.774768329877812E+010,-9.917713452498196E-001,-8.276694420781446E-002,-9.917713452498196E-001,-8.276694420781446E-002,
1.811916738225725E+010,-9.885594400559283E-001,-8.301637830648843E-002,-9.885594400559283E-001,-8.301637830648843E-002,
1.849842715239673E+010,-9.842112100429555E-001,-8.558296837649346E-002,-9.842112100429555E-001,-8.558296837649346E-002,
1.888562536530301E+010,-9.801486289376407E-001,-8.617968212985286E-002,-9.801486289376407E-001,-8.617968212985286E-002,
1.928092818379779E+010,-9.765341348462004E-001,-8.669462484620395E-002,-9.765341348462004E-001,-8.669462484620395E-002,
1.968450524872536E+010,-9.720601247137296E-001,-8.886537500115702E-002,-9.720601247137296E-001,-8.886537500115702E-002,
2.009652975175254E+010,-9.662923030897740E-001,-9.529239463504897E-002,-9.662923030897740E-001,-9.529239463504897E-002,
2.051717850969239E+010,-9.606447338157343E-001,-9.843789722739790E-002,-9.606447338157343E-001,-9.843789722739790E-002,
2.094663204038366E+010,-9.566131303193010E-001,-1.040478781335332E-001,-9.566131303193010E-001,-1.040478781335332E-001,
2.138507464015848E+010,-9.511529163419841E-001,-1.101325124640024E-001,-9.511529163419841E-001,-1.101325124640024E-001,
2.183269446293157E+010,-9.476899020961193E-001,-1.168933481208239E-001,-9.476899020961193E-001,-1.168933481208239E-001,
2.228968360094489E+010,-9.446678010561971E-001,-1.258811219318131E-001,-9.446678010561971E-001,-1.258811219318131E-001,
2.275623816720238E+010,-9.429653534183154E-001,-1.331039381602249E-001,-9.429653534183154E-001,-1.331039381602249E-001,
2.323255837963022E+010,-9.420834571213483E-001,-1.423667577606768E-001,-9.420834571213483E-001,-1.423667577606768E-001,
2.371884864699861E+010,-9.442025913100114E-001,-1.530226117895110E-001,-9.442025913100114E-001,-1.530226117895110E-001,
2.421531765664209E+010,-9.472833472060744E-001,-1.651020204680677E-001,-9.472833472060744E-001,-1.651020204680677E-001,
2.472217846401591E+010,-9.522471843625243E-001,-1.739178336208824E-001,-9.522471843625243E-001,-1.739178336208824E-001,
2.523964858412701E+010,-9.597858972862667E-001,-1.855180464530297E-001,-9.597858972862667E-001,-1.855180464530297E-001,
2.576795008487867E+010,-9.683156971155842E-001,-1.970291351827978E-001,-9.683156971155842E-001,-1.970291351827978E-001,
2.630730968236913E+010,-9.776728968490800E-001,-2.053429864614793E-001,-9.776728968490800E-001,-2.053429864614793E-001,
2.685795883818483E+010,-9.855575708821083E-001,-2.223637962477023E-001,-9.855575708821083E-001,-2.223637962477023E-001,
2.742013385873019E+010,-9.931838781538439E-001,-2.387501039110346E-001,-9.931838781538439E-001,-2.387501039110346E-001,
2.799407599663654E+010,-9.986273575505528E-001,-2.498046285174000E-001,-9.986273575505528E-001,-2.498046285174000E-001,
2.858003155429355E+010,-1.005322710184542E+000,-2.576887240944730E-001,-1.005322710184542E+000,-2.576887240944730E-001,
2.917825198954789E+010,-1.009357865152798E+000,-2.757621553904944E-001,-1.009357865152798E+000,-2.757621553904944E-001,
2.978899402361419E+010,-1.006049382610137E+000,-2.900521072987523E-001,-1.006049382610137E+000,-2.900521072987523E-001,
3.041251975124476E+010,-1.002958055219183E+000,-2.905269985645521E-001,-1.002958055219183E+000,-2.905269985645521E-001,
3.104909675320535E+010,-9.952624444226321E-001,-2.985442334592180E-001,-9.952624444226321E-001,-2.985442334592180E-001,
3.169899821110511E+010,-9.845867981094645E-001,-3.065065414796011E-001,-9.845867981094645E-001,-3.065065414796011E-001,
3.236250302463025E+010,-9.655980279679046E-001,-3.141503461812147E-001,-9.655980279679046E-001,-3.141503461812147E-001,
3.303989593123136E+010,-9.514472685013913E-001,-3.189001047179573E-001,-9.514472685013913E-001,-3.189001047179573E-001,
3.373146762831615E+010,-9.346117175359949E-001,-3.268127543315739E-001,-9.346117175359949E-001,-3.268127543315739E-001,
3.443751489799971E+010,-9.218670668046571E-001,-3.247202572333069E-001,-9.218670668046571E-001,-3.247202572333069E-001,
3.515834073446610E+010,-9.077476126209620E-001,-3.312220704162417E-001,-9.077476126209620E-001,-3.312220704162417E-001,
3.589425447399565E+010,-8.988285014928908E-001,-3.355287486408387E-001,-8.988285014928908E-001,-3.355287486408387E-001,
3.664557192771407E+010,-8.882127254971960E-001,-3.437945810950583E-001,-8.882127254971960E-001,-3.437945810950583E-001,
3.741261551712006E+010,-8.884643134541025E-001,-3.474684907462680E-001,-8.884643134541025E-001,-3.474684907462680E-001,
3.819571441244975E+010,-8.878723281841029E-001,-3.648204704720732E-001,-8.878723281841029E-001,-3.648204704720732E-001,
3.899520467393736E+010,-8.910203436033373E-001,-3.701101233071185E-001,-8.910203436033373E-001,-3.701101233071185E-001,
3.981142939603255E+010,-8.971382695737691E-001,-3.819131698691797E-001,-8.971382695737691E-001,-3.819131698691797E-001,
4.064473885463650E+010,-9.021548397633987E-001,-3.881879720567586E-001,-9.021548397633987E-001,-3.881879720567586E-001,
4.149549065741983E+010,-9.036274856412407E-001,-4.006338219008456E-001,-9.036274856412407E-001,-4.006338219008456E-001,
4.236404989728691E+010,-9.020350830910637E-001,-4.080230446342805E-001,-9.020350830910637E-001,-4.080230446342805E-001,
4.325078930905235E+010,-9.000806607560898E-001,-4.084141889753968E-001,-9.000806607560898E-001,-4.084141889753968E-001,
4.415608942939697E+010,-8.925025077418172E-001,-4.073084401963474E-001,-8.925025077418172E-001,-4.073084401963474E-001,
4.508033876017195E+010,-8.860009669317612E-001,-3.908981404873145E-001,-8.860009669317612E-001,-3.908981404873145E-001,
4.602393393512102E+010,-8.807370691269741E-001,-3.633055302265062E-001,-8.807370691269741E-001,-3.633055302265062E-001,
4.698727989009248E+010,-8.835215491255528E-001,-3.410060544316330E-001,-8.835215491255528E-001,-3.410060544316330E-001,
4.797079003681400E+010,-8.854733751202776E-001,-3.098891305557783E-001,-8.854733751202776E-001,-3.098891305557783E-001,
4.897488644030473E+010,-8.968133945904161E-001,-2.834540385628088E-001,-8.968133945904161E-001,-2.834540385628088E-001,
5.000000000000000E+010,-9.192810093357753E-001,-2.514243450472472E-001,-9.192810093357753E-001,-2.514243450472472E-001,
