% Version 1.00
%
%freq[Hz],re:Trc1_S11,im:Trc1_S11,re:Trc2_S11,im:Trc2_S11,
1.000000000000000E+008,9.995899358685542E-001,-8.280150764231355E-003,9.995899358685542E-001,-8.280150764231355E-003,
1.020931412693436E+008,9.996397820923053E-001,-8.486885516784707E-003,9.996397820923053E-001,-8.486885516784707E-003,
1.042300949424215E+008,9.997357093592966E-001,-8.903899898485548E-003,9.997357093592966E-001,-8.903899898485548E-003,
1.064117780747374E+008,9.996713220369667E-001,-8.799470540888785E-003,9.996713220369667E-001,-8.799470540888785E-003,
1.086391269170620E+008,9.997420614503696E-001,-8.936709759098537E-003,9.997420614503696E-001,-8.936709759098537E-003,
1.109130973172177E+008,9.997120511160440E-001,-9.245408048595789E-003,9.997120511160440E-001,-9.245408048595789E-003,
1.132346651302716E+008,9.996741367812005E-001,-9.353964642253649E-003,9.996741367812005E-001,-9.353964642253649E-003,
1.156048266373163E+008,9.997368981292421E-001,-9.327509472328206E-003,9.997368981292421E-001,-9.327509472328206E-003,
1.180245989730151E+008,9.996522004809830E-001,-9.545257768341902E-003,9.996522004809830E-001,-9.545257768341902E-003,
1.204950205620966E+008,9.996135184563726E-001,-9.871019569845665E-003,9.996135184563726E-001,-9.871019569845665E-003,
1.230171515649859E+008,9.996867422777057E-001,-1.004731040546080E-002,9.996867422777057E-001,-1.004731040546080E-002,
1.255920743327636E+008,9.996311870118947E-001,-1.008805668953171E-002,9.996311870118947E-001,-1.008805668953171E-002,
1.282208938716474E+008,9.996146150397581E-001,-1.045593214464109E-002,9.996146150397581E-001,-1.045593214464109E-002,
1.309047383171961E+008,9.996598639717182E-001,-1.053274341215203E-002,9.996598639717182E-001,-1.053274341215203E-002,
1.336447594184396E+008,9.995210471594537E-001,-1.074471893243121E-002,9.995210471594537E-001,-1.074471893243121E-002,
1.364421330321420E+008,9.996378543275817E-001,-1.092303522870456E-002,9.996378543275817E-001,-1.092303522870456E-002,
1.392980596274105E+008,9.996093230952038E-001,-1.113574665917314E-002,9.996093230952038E-001,-1.113574665917314E-002,
1.422137648008667E+008,9.995859666620239E-001,-1.146200666246020E-002,9.995859666620239E-001,-1.146200666246020E-002,
1.451904998026009E+008,9.995830873141780E-001,-1.147070555886202E-002,9.995830873141780E-001,-1.147070555886202E-002,
1.482295420731354E+008,9.994506723058407E-001,-1.183551863136475E-002,9.994506723058407E-001,-1.183551863136475E-002,
1.513321957916272E+008,9.995182112734060E-001,-1.200785076044959E-002,9.995182112734060E-001,-1.200785076044959E-002,
1.544997924355456E+008,9.994717769734195E-001,-1.231918542228691E-002,9.994717769734195E-001,-1.231918542228691E-002,
1.577336913520643E+008,9.994653919197173E-001,-1.261337054269604E-002,9.994653919197173E-001,-1.261337054269604E-002,
1.610352803414134E+008,9.993460398533657E-001,-1.284919992313897E-002,9.993460398533657E-001,-1.284919992313897E-002,
1.644059762524427E+008,9.994698407880935E-001,-1.317137572868096E-002,9.994698407880935E-001,-1.317137572868096E-002,
1.678472255906498E+008,9.993565105100739E-001,-1.356374248327782E-002,9.993565105100739E-001,-1.356374248327782E-002,
1.713605051389360E+008,9.991728645773732E-001,-1.381951153604365E-002,9.991728645773732E-001,-1.381951153604365E-002,
1.749473225913547E+008,9.991912462710973E-001,-1.403349462560490E-002,9.991912462710973E-001,-1.403349462560490E-002,
1.786092172001261E+008,9.991909302331673E-001,-1.435968993659114E-002,9.991909302331673E-001,-1.435968993659114E-002,
1.823477604361935E+008,9.991705467934310E-001,-1.482254642374360E-002,9.991705467934310E-001,-1.482254642374360E-002,
1.861645566636073E+008,9.991481055065696E-001,-1.501712449204564E-002,9.991481055065696E-001,-1.501712449204564E-002,
1.900612438280239E+008,9.990664692237411E-001,-1.550681254885180E-002,9.990664692237411E-001,-1.550681254885180E-002,
1.940394941596160E+008,9.990535688026063E-001,-1.579935683496381E-002,9.990535688026063E-001,-1.579935683496381E-002,
1.981010148906965E+008,9.989416561847337E-001,-1.603093210260901E-002,9.989416561847337E-001,-1.603093210260901E-002,
2.022475489883622E+008,9.987806209392419E-001,-1.648598942956771E-002,9.987806209392419E-001,-1.648598942956771E-002,
2.064808759024735E+008,9.988403503461083E-001,-1.685797836606768E-002,9.988403503461083E-001,-1.685797836606768E-002,
2.108028123292904E+008,9.989037495780716E-001,-1.745319105760306E-002,9.989037495780716E-001,-1.745319105760306E-002,
2.152152129910917E+008,9.987827545916381E-001,-1.769243367187957E-002,9.987827545916381E-001,-1.769243367187957E-002,
2.197199714321140E+008,9.987214262873325E-001,-1.804039019553787E-002,9.987214262873325E-001,-1.804039019553787E-002,
2.243190208311496E+008,9.985495311745954E-001,-1.840095952575073E-002,9.985495311745954E-001,-1.840095952575073E-002,
2.290143348311539E+008,9.985200531811506E-001,-1.884098933268153E-002,9.985200531811506E-001,-1.884098933268153E-002,
2.338079283862175E+008,9.985719166320048E-001,-1.934101437689497E-002,9.985719166320048E-001,-1.934101437689497E-002,
2.387018586262668E+008,9.985117117360578E-001,-1.983173192991189E-002,9.985117117360578E-001,-1.983173192991189E-002,
2.436982257398635E+008,9.983473570209549E-001,-2.029165067770317E-002,9.983473570209549E-001,-2.029165067770317E-002,
2.487991738754827E+008,9.981573359090386E-001,-2.073382630720645E-002,9.981573359090386E-001,-2.073382630720645E-002,
2.540068920616564E+008,9.981695457370964E-001,-2.118342931925699E-002,9.981695457370964E-001,-2.118342931925699E-002,
2.593236151463760E+008,9.980909663855420E-001,-2.198268233048309E-002,9.980909663855420E-001,-2.198268233048309E-002,
2.647516247561587E+008,9.979625380373753E-001,-2.234247451861526E-002,9.979625380373753E-001,-2.234247451861526E-002,
2.702932502751876E+008,9.978526412425157E-001,-2.302672330450729E-002,9.978526412425157E-001,-2.302672330450729E-002,
2.759508698449477E+008,9.978014380724162E-001,-2.338648272413144E-002,9.978014380724162E-001,-2.338648272413144E-002,
2.817269113847850E+008,9.976982454081134E-001,-2.412332946701746E-002,9.976982454081134E-001,-2.412332946701746E-002,
2.876238536338270E+008,9.975855262153153E-001,-2.464896482878557E-002,9.975855262153153E-001,-2.464896482878557E-002,
2.936442272147132E+008,9.974546427323425E-001,-2.505210812528509E-002,9.974546427323425E-001,-2.505210812528509E-002,
2.997906157195895E+008,9.973286182336516E-001,-2.561953301072576E-002,9.973286182336516E-001,-2.561953301072576E-002,
3.060656568188355E+008,9.971924035322146E-001,-2.615400951358583E-002,9.971924035322146E-001,-2.615400951358583E-002,
3.124720433929982E+008,9.971392843708801E-001,-2.669370551349637E-002,9.971392843708801E-001,-2.669370551349637E-002,
3.190125246884183E+008,9.969173877189327E-001,-2.732312059153336E-002,9.969173877189327E-001,-2.732312059153336E-002,
3.256899074970465E+008,9.967583302518301E-001,-2.787436799241838E-002,9.967583302518301E-001,-2.787436799241838E-002,
3.325070573609542E+008,9.966588090286405E-001,-2.832432190201750E-002,9.966588090286405E-001,-2.832432190201750E-002,
3.394668998020564E+008,9.964447159056438E-001,-2.890818188995286E-002,9.964447159056438E-001,-2.890818188995286E-002,
3.465724215775746E+008,9.963180913042007E-001,-2.952594583284007E-002,9.963180913042007E-001,-2.952594583284007E-002,
3.538266719617783E+008,9.961768387835099E-001,-3.001333523167277E-002,9.961768387835099E-001,-3.001333523167277E-002,
3.612327640545553E+008,9.960520152314254E-001,-3.059939434591919E-002,9.960520152314254E-001,-3.059939434591919E-002,
3.687938761173719E+008,9.958040982371859E-001,-3.114576062035936E-002,9.958040982371859E-001,-3.114576062035936E-002,
3.765132529371966E+008,9.956010304628331E-001,-3.170995720432895E-002,9.956010304628331E-001,-3.170995720432895E-002,
3.843942072189731E+008,9.953587108119126E-001,-3.232260917569902E-002,9.953587108119126E-001,-3.232260917569902E-002,
3.924401210072396E+008,9.951347055119200E-001,-3.305901486687302E-002,9.951347055119200E-001,-3.305901486687302E-002,
4.006544471375042E+008,9.949096729115381E-001,-3.360039288136097E-002,9.949096729115381E-001,-3.360039288136097E-002,
4.090407107179998E+008,9.946432819891888E-001,-3.446267163910027E-002,9.946432819891888E-001,-3.446267163910027E-002,
4.176025106424546E+008,9.944121019122473E-001,-3.541663075956856E-002,9.944121019122473E-001,-3.541663075956856E-002,
4.263435211345269E+008,9.941886859882110E-001,-3.627196527320997E-002,9.941886859882110E-001,-3.627196527320997E-002,
4.352674933245664E+008,9.939254100674967E-001,-3.700455770833766E-002,9.939254100674967E-001,-3.700455770833766E-002,
4.443782568593804E+008,9.936360905663628E-001,-3.787032079919666E-002,9.936360905663628E-001,-3.787032079919666E-002,
4.536797215456938E+008,9.933355518539938E-001,-3.865797258342943E-002,9.933355518539938E-001,-3.865797258342943E-002,
4.631758790280099E+008,9.930431095680705E-001,-3.933279050340219E-002,9.930431095680705E-001,-3.933279050340219E-002,
4.728708045015902E+008,9.927269496507845E-001,-4.008264608511931E-002,9.927269496507845E-001,-4.008264608511931E-002,
4.827686584612901E+008,9.924146392687766E-001,-4.090090554837188E-002,9.924146392687766E-001,-4.090090554837188E-002,
4.928736884869999E+008,9.921427578133422E-001,-4.164070686806350E-002,9.921427578133422E-001,-4.164070686806350E-002,
5.031902310664573E+008,9.919855883995749E-001,-4.243198708754098E-002,9.919855883995749E-001,-4.243198708754098E-002,
5.137227134562149E+008,9.918448494205755E-001,-4.325096323810286E-002,9.918448494205755E-001,-4.325096323810286E-002,
5.244756555815587E+008,9.915321202533987E-001,-4.404056886220597E-002,9.915321202533987E-001,-4.404056886220597E-002,
5.354536719761968E+008,9.911345886865399E-001,-4.478266513004454E-002,9.911345886865399E-001,-4.478266513004454E-002,
5.466614737625463E+008,9.907507392596378E-001,-4.562009953663877E-002,9.907507392596378E-001,-4.562009953663877E-002,
5.581038706734722E+008,9.902658033628203E-001,-4.657139572166262E-002,9.902658033628203E-001,-4.657139572166262E-002,
5.697857731163427E+008,9.897851770674012E-001,-4.755695570353326E-002,9.897851770674012E-001,-4.755695570353326E-002,
5.817121942802894E+008,9.894479995456122E-001,-4.852372002462559E-002,9.894479995456122E-001,-4.852372002462559E-002,
5.938882522875744E+008,9.890609644887323E-001,-4.965676881320537E-002,9.890609644887323E-001,-4.965676881320537E-002,
6.063191723899891E+008,9.885960152374977E-001,-5.039734713028048E-002,9.885960152374977E-001,-5.039734713028048E-002,
6.190102892112266E+008,9.880228079231725E-001,-5.127140849479413E-002,9.880228079231725E-001,-5.127140849479413E-002,
6.319670490361900E+008,9.874803286211719E-001,-5.228464852332066E-002,9.874803286211719E-001,-5.228464852332066E-002,
6.451950121482195E+008,9.869078426860873E-001,-5.346797254933140E-002,9.869078426860873E-001,-5.346797254933140E-002,
6.586998552152404E+008,9.864743551514524E-001,-5.481144261769205E-002,9.864743551514524E-001,-5.481144261769205E-002,
6.724873737258571E+008,9.862127296791738E-001,-5.569461693230317E-002,9.862127296791738E-001,-5.569461693230317E-002,
6.865634844764381E+008,9.857905872685827E-001,-5.642443648094103E-002,9.857905872685827E-001,-5.642443648094103E-002,
7.009342281102579E+008,9.852893173758421E-001,-5.722534510438303E-002,9.852893173758421E-001,-5.722534510438303E-002,
7.156057717097888E+008,9.845859643967998E-001,-5.824204988046512E-002,9.845859643967998E-001,-5.824204988046512E-002,
7.305844114432513E+008,9.839497746584115E-001,-5.943800369950873E-002,9.839497746584115E-001,-5.943800369950873E-002,
7.458765752665610E+008,9.837181052268826E-001,-6.057232763797814E-002,9.837181052268826E-001,-6.057232763797814E-002,
7.614888256818322E+008,9.830458601646098E-001,-6.135422936911913E-002,9.830458601646098E-001,-6.135422936911913E-002,
7.774278625536187E+008,9.820411483083963E-001,-6.180212833292462E-002,9.820411483083963E-001,-6.180212833292462E-002,
7.937005259841044E+008,9.810212465770741E-001,-6.280597509036476E-002,9.810212465770741E-001,-6.280597509036476E-002,
8.103137992484750E+008,9.800622923171504E-001,-6.430703546113981E-002,9.800622923171504E-001,-6.430703546113981E-002,
8.272748117917309E+008,9.795461015101821E-001,-6.578724742874537E-002,9.795461015101821E-001,-6.578724742874537E-002,
8.445908422882283E+008,9.789453413713950E-001,-6.711643187221585E-002,9.789453413713950E-001,-6.711643187221585E-002,
8.622693217652600E+008,9.781341112836701E-001,-6.799065021689701E-002,9.781341112836701E-001,-6.799065021689701E-002,
8.803178367920179E+008,9.773132932115973E-001,-6.906191508749883E-002,9.773132932115973E-001,-6.906191508749883E-002,
8.987441327353046E+008,9.769169075583735E-001,-7.010816788589265E-002,9.769169075583735E-001,-7.010816788589265E-002,
9.175561170833916E+008,9.761915559936552E-001,-7.093579300641312E-002,9.761915559936552E-001,-7.093579300641312E-002,
9.367618628394508E+008,9.749059412370204E-001,-7.171110723170937E-002,9.749059412370204E-001,-7.171110723170937E-002,
9.563696119860154E+008,9.735139779217606E-001,-7.302743362443639E-002,9.735139779217606E-001,-7.302743362443639E-002,
9.763877790219561E+008,9.724804140922405E-001,-7.438036659068513E-002,9.724804140922405E-001,-7.438036659068513E-002,
9.968249545734922E+008,9.714981763647946E-001,-7.544900470371091E-002,9.714981763647946E-001,-7.544900470371091E-002,
1.017689909080786E+009,9.702321209817550E-001,-7.632264327847134E-002,9.702321209817550E-001,-7.632264327847134E-002,
1.038991596561701E+009,9.690461338037961E-001,-7.808608912788848E-002,9.690461338037961E-001,-7.808608912788848E-002,
1.060739158454346E+009,9.690661168945884E-001,-7.947219034912814E-002,9.690661168945884E-001,-7.947219034912814E-002,
1.082941927540042E+009,9.678338300211841E-001,-7.980478921221056E-002,9.678338300211841E-001,-7.980478921221056E-002,
1.105609431948408E+009,9.660392279101356E-001,-8.031858626422142E-002,9.660392279101356E-001,-8.031858626422142E-002,
1.128751399246275E+009,9.643848314502168E-001,-8.178766399315632E-002,9.643848314502168E-001,-8.178766399315632E-002,
1.152377760612193E+009,9.633306997244727E-001,-8.300577285544647E-002,9.633306997244727E-001,-8.300577285544647E-002,
1.176498655098304E+009,9.616433104370271E-001,-8.398706799150355E-002,9.616433104370271E-001,-8.398706799150355E-002,
1.201124433981439E+009,9.600682538480433E-001,-8.573379155471737E-002,9.600682538480433E-001,-8.573379155471737E-002,
1.226265665205275E+009,9.600451290599686E-001,-8.694926584188671E-002,9.600451290599686E-001,-8.694926584188671E-002,
1.251933137915478E+009,9.583556946125595E-001,-8.706532193261400E-002,9.583556946125595E-001,-8.706532193261400E-002,
1.278137867089775E+009,9.564997272925232E-001,-8.782539627831193E-002,9.564997272925232E-001,-8.782539627831193E-002,
1.304891098264939E+009,9.550940233493646E-001,-8.867934213479273E-002,9.550940233493646E-001,-8.867934213479273E-002,
1.332204312362714E+009,9.529609157646819E-001,-8.940035705649607E-002,9.529609157646819E-001,-8.940035705649607E-002,
1.360089230616753E+009,9.507407486360606E-001,-9.156473854339120E-002,9.507407486360606E-001,-9.156473854339120E-002,
1.388557819602690E+009,9.506505549914930E-001,-9.289413566731476E-002,9.506505549914930E-001,-9.289413566731476E-002,
1.417622296373492E+009,9.485904949935196E-001,-9.311128874762609E-002,9.485904949935196E-001,-9.311128874762609E-002,
1.447295133702302E+009,9.469218023912248E-001,-9.424505870082045E-002,9.469218023912248E-001,-9.424505870082045E-002,
1.477589065435027E+009,9.452879833636591E-001,-9.457440102689063E-002,9.452879833636591E-001,-9.457440102689063E-002,
1.508517091954956E+009,9.423425383136374E-001,-9.563257495240767E-002,9.423425383136374E-001,-9.563257495240767E-002,
1.540092485761767E+009,9.406689153915273E-001,-9.787023846446083E-002,9.406689153915273E-001,-9.787023846446083E-002,
1.572328797167307E+009,9.390921810442713E-001,-9.831703198865821E-002,9.390921810442713E-001,-9.831703198865821E-002,
1.605239860110590E+009,9.377531139021644E-001,-9.963856589274253E-002,9.377531139021644E-001,-9.963856589274253E-002,
1.638839798094518E+009,9.360065437773149E-001,-9.943646480511198E-002,9.360065437773149E-001,-9.943646480511198E-002,
1.673143030246862E+009,9.328878002102599E-001,-1.003202263265600E-001,9.328878002102599E-001,-1.003202263265600E-001,
1.708164277508106E+009,9.312986100361709E-001,-1.017464940613929E-001,9.312986100361709E-001,-1.017464940613929E-001,
1.743918568948813E+009,9.286016089815128E-001,-1.027541792620206E-001,9.286016089815128E-001,-1.027541792620206E-001,
1.780421248219227E+009,9.278580927478092E-001,-1.037076878260602E-001,9.278580927478092E-001,-1.037076878260602E-001,
1.817687980133866E+009,9.250988283675506E-001,-1.031388518341449E-001,9.250988283675506E-001,-1.031388518341449E-001,
1.855734757393946E+009,9.231205926975741E-001,-1.042718856758175E-001,9.231205926975741E-001,-1.042718856758175E-001,
1.894577907450513E+009,9.197040009441106E-001,-1.047132221513847E-001,9.197040009441106E-001,-1.047132221513847E-001,
1.934234099511226E+009,9.183517881996747E-001,-1.072306413032708E-001,9.183517881996747E-001,-1.072306413032708E-001,
1.974720351693812E+009,9.161596679825690E-001,-1.062768897724007E-001,9.161596679825690E-001,-1.062768897724007E-001,
2.016054038329243E+009,9.145556326686863E-001,-1.069874756403257E-001,9.145556326686863E-001,-1.069874756403257E-001,
2.058252897417781E+009,9.109460999997738E-001,-1.071203335749399E-001,9.109460999997738E-001,-1.071203335749399E-001,
2.101335038241093E+009,9.088319581945076E-001,-1.091352743257572E-001,9.088319581945076E-001,-1.091352743257572E-001,
2.145318949133695E+009,9.057075109556849E-001,-1.092404635804497E-001,9.057075109556849E-001,-1.092404635804497E-001,
2.190223505417061E+009,9.040163422068140E-001,-1.092952339648771E-001,9.040163422068140E-001,-1.092952339648771E-001,
2.236067977499810E+009,9.003973193131706E-001,-1.095997187754902E-001,9.003973193131706E-001,-1.095997187754902E-001,
2.282872039147435E+009,8.979573168629601E-001,-1.102557299079047E-001,8.979573168629601E-001,-1.102557299079047E-001,
2.330655775925136E+009,8.958152058576354E-001,-1.113357513137640E-001,8.958152058576354E-001,-1.113357513137640E-001,
2.379439693817366E+009,8.929704056763982E-001,-1.105623909462331E-001,8.929704056763982E-001,-1.105623909462331E-001,
2.429244728027800E+009,8.904450843711556E-001,-1.106668422381177E-001,8.904450843711556E-001,-1.106668422381177E-001,
2.480092251963504E+009,8.875027127431960E-001,-1.119107805196335E-001,8.875027127431960E-001,-1.119107805196335E-001,
2.532004086407146E+009,8.854608140274952E-001,-1.118394948797782E-001,8.854608140274952E-001,-1.118394948797782E-001,
2.585002508881200E+009,8.827430621255048E-001,-1.113118481188199E-001,8.827430621255048E-001,-1.113118481188199E-001,
2.639110263208160E+009,8.793260623666656E-001,-1.123488336988598E-001,8.793260623666656E-001,-1.123488336988598E-001,
2.694350569270853E+009,8.771851091350171E-001,-1.128911051176727E-001,8.771851091350171E-001,-1.128911051176727E-001,
2.750747132977056E+009,8.745078406375805E-001,-1.120721301431015E-001,8.745078406375805E-001,-1.120721301431015E-001,
2.808324156432685E+009,8.718795127188111E-001,-1.126796306695177E-001,8.718795127188111E-001,-1.126796306695177E-001,
2.867106348327923E+009,8.687657012424110E-001,-1.131668095605011E-001,8.687657012424110E-001,-1.131668095605011E-001,
2.927118934540746E+009,8.662256727309931E-001,-1.121510104390716E-001,8.662256727309931E-001,-1.121510104390716E-001,
2.988387668962389E+009,8.631918706550472E-001,-1.126551898475362E-001,8.631918706550472E-001,-1.126551898475362E-001,
3.050938844549417E+009,8.613566844416828E-001,-1.132320855414212E-001,8.613566844416828E-001,-1.132320855414212E-001,
3.114799304607116E+009,8.584812582395739E-001,-1.126161874654832E-001,8.584812582395739E-001,-1.126161874654832E-001,
3.179996454309075E+009,8.550970622008741E-001,-1.127692254683771E-001,8.550970622008741E-001,-1.127692254683771E-001,
3.246558272457882E+009,8.532051852857541E-001,-1.119519858684623E-001,8.532051852857541E-001,-1.119519858684623E-001,
3.314513323491987E+009,8.503208158640213E-001,-1.118304109387018E-001,8.503208158640213E-001,-1.118304109387018E-001,
3.383890769743891E+009,8.480380997693147E-001,-1.123270859810151E-001,8.480380997693147E-001,-1.123270859810151E-001,
3.454720383954909E+009,8.454232278546945E-001,-1.115913991279970E-001,8.454232278546945E-001,-1.115913991279970E-001,
3.527032562051896E+009,8.421548759057528E-001,-1.121060007339048E-001,8.421548759057528E-001,-1.121060007339048E-001,
3.600858336191391E+009,8.405310284137737E-001,-1.120178279516260E-001,8.405310284137737E-001,-1.120178279516260E-001,
3.676229388076813E+009,8.371454593925773E-001,-1.110856958987935E-001,8.371454593925773E-001,-1.110856958987935E-001,
3.753178062554387E+009,8.350185396413082E-001,-1.130705682905416E-001,8.350185396413082E-001,-1.130705682905416E-001,
3.831737381493663E+009,8.328543615792123E-001,-1.109178264997399E-001,8.328543615792123E-001,-1.109178264997399E-001,
3.911941057958573E+009,8.291178289967379E-001,-1.123497899311792E-001,8.291178289967379E-001,-1.123497899311792E-001,
3.993823510675101E+009,8.285123153047337E-001,-1.113303390320477E-001,8.285123153047337E-001,-1.113303390320477E-001,
4.077419878801790E+009,8.240535093702348E-001,-1.114662788041739E-001,8.240535093702348E-001,-1.114662788041739E-001,
4.162766037009410E+009,8.232434507521588E-001,-1.112299165772305E-001,8.232434507521588E-001,-1.112299165772305E-001,
4.249898610876274E+009,8.193609605911056E-001,-1.101364772924826E-001,8.193609605911056E-001,-1.101364772924826E-001,
4.338854992605786E+009,8.182297392303427E-001,-1.112269446259445E-001,8.182297392303427E-001,-1.112269446259445E-001,
4.429673357072994E+009,8.141484305713818E-001,-1.103375323593259E-001,8.141484305713818E-001,-1.103375323593259E-001,
4.522392678207007E+009,8.133082239276855E-001,-1.110805592605691E-001,8.133082239276855E-001,-1.110805592605691E-001,
4.617052745716332E+009,8.101671426167194E-001,-1.110056521999699E-001,8.101671426167194E-001,-1.110056521999699E-001,
4.713694182164284E+009,8.087415981332048E-001,-1.116599330224351E-001,8.087415981332048E-001,-1.116599330224351E-001,
4.812358460401814E+009,8.055701411161358E-001,-1.117955873826446E-001,8.055701411161358E-001,-1.117955873826446E-001,
4.913087921365233E+009,8.040632879267406E-001,-1.123785510952634E-001,8.040632879267406E-001,-1.123785510952634E-001,
5.015925792246465E+009,8.016312831306336E-001,-1.130485745780272E-001,8.016312831306336E-001,-1.130485745780272E-001,
5.120916205043626E+009,7.997187824901516E-001,-1.126372082593618E-001,7.997187824901516E-001,-1.126372082593618E-001,
5.228104215499899E+009,7.975117426865870E-001,-1.141381908147297E-001,7.975117426865870E-001,-1.141381908147297E-001,
5.337535822438821E+009,7.952511247540335E-001,-1.147421810882381E-001,7.952511247540335E-001,-1.147421810882381E-001,
5.449257987504287E+009,7.938152109235221E-001,-1.155815365294991E-001,7.938152109235221E-001,-1.155815365294991E-001,
5.563318655313743E+009,7.921249866162738E-001,-1.173660310100774E-001,7.921249866162738E-001,-1.173660310100774E-001,
5.679766774033207E+009,7.896723485781495E-001,-1.168453290347006E-001,7.896723485781495E-001,-1.168453290347006E-001,
5.798652316382962E+009,7.887005046981045E-001,-1.184049727470903E-001,7.887005046981045E-001,-1.184049727470903E-001,
5.920026301082923E+009,7.862515321734108E-001,-1.209252528801517E-001,7.862515321734108E-001,-1.209252528801517E-001,
6.043940814746885E+009,7.833567421564799E-001,-1.205236153511707E-001,7.833567421564799E-001,-1.205236153511707E-001,
6.170449034235055E+009,7.832066943507989E-001,-1.223984642187717E-001,7.832066943507989E-001,-1.223984642187717E-001,
6.299605249474443E+009,7.809956456091384E-001,-1.245965318408247E-001,7.809956456091384E-001,-1.245965318408247E-001,
6.431464886756929E+009,7.789099613272733E-001,-1.258367343417193E-001,7.789099613272733E-001,-1.258367343417193E-001,
6.566084532524983E+009,7.783458523776916E-001,-1.272754984120606E-001,7.783458523776916E-001,-1.272754984120606E-001,
6.703521957655251E+009,7.770438682918447E-001,-1.299736644008194E-001,7.770438682918447E-001,-1.299736644008194E-001,
6.843836142250444E+009,7.751902070428264E-001,-1.322313660864595E-001,7.751902070428264E-001,-1.322313660864595E-001,
6.987087300950141E+009,7.741960139944983E-001,-1.339515333205464E-001,7.741960139944983E-001,-1.339515333205464E-001,
7.133336908771395E+009,7.731028484934290E-001,-1.355549566998725E-001,7.731028484934290E-001,-1.355549566998725E-001,
7.282647727490209E+009,7.716106272850810E-001,-1.375368558402284E-001,7.716106272850810E-001,-1.375368558402284E-001,
7.435083832575221E+009,7.705031130433004E-001,-1.393676181794963E-001,7.705031130433004E-001,-1.393676181794963E-001,
7.590710640685147E+009,7.697513164624058E-001,-1.414025156417505E-001,7.697513164624058E-001,-1.414025156417505E-001,
7.749594937741785E+009,7.688808691453123E-001,-1.435292136085729E-001,7.688808691453123E-001,-1.435292136085729E-001,
7.911804907590622E+009,7.672134800306147E-001,-1.455927580549080E-001,7.672134800306147E-001,-1.455927580549080E-001,
8.077410161261354E+009,7.656514543881594E-001,-1.474732623624351E-001,7.656514543881594E-001,-1.474732623624351E-001,
8.246481766840870E+009,7.644531688348181E-001,-1.491250289645708E-001,7.644531688348181E-001,-1.491250289645708E-001,
8.419092279971513E+009,7.635198491073834E-001,-1.506837646216891E-001,7.635198491073834E-001,-1.506837646216891E-001,
8.595315774987719E+009,7.625985710543487E-001,-1.523338141308688E-001,7.625985710543487E-001,-1.523338141308688E-001,
8.775227876704388E+009,7.612494650501693E-001,-1.546799379181925E-001,7.612494650501693E-001,-1.546799379181925E-001,
8.958905792870632E+009,7.601000279120224E-001,-1.566352360059111E-001,7.601000279120224E-001,-1.566352360059111E-001,
9.146428347302822E+009,7.584791457020398E-001,-1.583331026008014E-001,7.584791457020398E-001,-1.583331026008014E-001,
9.337876013711161E+009,7.567620182395143E-001,-1.612005357636955E-001,7.567620182395143E-001,-1.612005357636955E-001,
9.533330950234287E+009,7.552941418356962E-001,-1.622899476187368E-001,7.552941418356962E-001,-1.622899476187368E-001,
9.732877034696749E+009,7.532935383962219E-001,-1.642115596603458E-001,7.532935383962219E-001,-1.642115596603458E-001,
9.936599900604454E+009,7.514400092805276E-001,-1.652518272467478E-001,7.514400092805276E-001,-1.652518272467478E-001,
1.014458697389356E+010,7.491479271768242E-001,-1.665366249320914E-001,7.491479271768242E-001,-1.665366249320914E-001,
1.035692751044859E+010,7.467818952545823E-001,-1.672424496233335E-001,7.467818952545823E-001,-1.672424496233335E-001,
1.057371263440579E+010,7.439724840224504E-001,-1.681977606434685E-001,7.439724840224504E-001,-1.681977606434685E-001,
1.079503537725833E+010,7.415704135848809E-001,-1.688992516958510E-001,7.415704135848809E-001,-1.688992516958510E-001,
1.102099071777997E+010,7.387828226909821E-001,-1.688495311015733E-001,7.387828226909821E-001,-1.688495311015733E-001,
1.125167562278435E+010,7.356367570672457E-001,-1.688037158654705E-001,7.356367570672457E-001,-1.688037158654705E-001,
1.148718908873753E+010,7.322851711268018E-001,-1.684879795150276E-001,7.322851711268018E-001,-1.684879795150276E-001,
1.172763218424143E+010,7.286891844864711E-001,-1.680931220729282E-001,7.286891844864711E-001,-1.680931220729282E-001,
1.197310809340661E+010,7.246486939709977E-001,-1.677973299723839E-001,7.246486939709977E-001,-1.677973299723839E-001,
1.222372216013282E+010,7.208620153597070E-001,-1.674045692683577E-001,7.208620153597070E-001,-1.674045692683577E-001,
1.247958193331646E+010,7.166654808536243E-001,-1.659793742552600E-001,7.166654808536243E-001,-1.659793742552600E-001,
1.274079721300426E+010,7.123811043212128E-001,-1.664050708452600E-001,7.123811043212128E-001,-1.664050708452600E-001,
1.300748009751303E+010,7.088849138515110E-001,-1.647315928284366E-001,7.088849138515110E-001,-1.647315928284366E-001,
1.327974503153573E+010,7.044857863555125E-001,-1.639698123402449E-001,7.044857863555125E-001,-1.639698123402449E-001,
1.355770885525442E+010,7.003244633832255E-001,-1.626269508481447E-001,7.003244633832255E-001,-1.626269508481447E-001,
1.384149085448120E+010,6.961823977303498E-001,-1.619122389271125E-001,6.961823977303498E-001,-1.619122389271125E-001,
1.413121281184877E+010,6.913623185358273E-001,-1.596168451325036E-001,6.913623185358273E-001,-1.596168451325036E-001,
1.442699905907235E+010,6.881269373571742E-001,-1.591794249431141E-001,6.881269373571742E-001,-1.591794249431141E-001,
1.472897653030561E+010,6.838637975722399E-001,-1.588439773018431E-001,6.838637975722399E-001,-1.588439773018431E-001,
1.503727481661337E+010,6.804552956393059E-001,-1.578029250669109E-001,6.804552956393059E-001,-1.578029250669109E-001,
1.535202622158452E+010,6.780164700531025E-001,-1.575276851737537E-001,6.780164700531025E-001,-1.575276851737537E-001,
1.567336581810895E+010,6.752517109505045E-001,-1.582481374242002E-001,6.752517109505045E-001,-1.582481374242002E-001,
1.600143150634299E+010,6.726135574930731E-001,-1.594884078571296E-001,6.726135574930731E-001,-1.594884078571296E-001,
1.633636407288800E+010,6.703442518385028E-001,-1.594821937554997E-001,6.703442518385028E-001,-1.594821937554997E-001,
1.667830725120785E+010,6.682744959209682E-001,-1.599873547502364E-001,6.682744959209682E-001,-1.599873547502364E-001,
1.702740778331081E+010,6.665189278262702E-001,-1.612111196746679E-001,6.665189278262702E-001,-1.612111196746679E-001,
1.738381548272271E+010,6.655583120655555E-001,-1.628533610719618E-001,6.655583120655555E-001,-1.628533610719618E-001,
1.774768329877812E+010,6.644053364520566E-001,-1.667573927319026E-001,6.644053364520566E-001,-1.667573927319026E-001,
1.811916738225725E+010,6.640598123999700E-001,-1.698301547890089E-001,6.640598123999700E-001,-1.698301547890089E-001,
1.849842715239673E+010,6.640045431539827E-001,-1.749261412068109E-001,6.640045431539827E-001,-1.749261412068109E-001,
1.888562536530301E+010,6.655920387436771E-001,-1.790526244304483E-001,6.655920387436771E-001,-1.790526244304483E-001,
1.928092818379779E+010,6.660376653206268E-001,-1.836497873963485E-001,6.660376653206268E-001,-1.836497873963485E-001,
1.968450524872536E+010,6.647952748122299E-001,-1.884371749161028E-001,6.647952748122299E-001,-1.884371749161028E-001,
2.009652975175254E+010,6.634693044470663E-001,-1.944160293665592E-001,6.634693044470663E-001,-1.944160293665592E-001,
2.051717850969239E+010,6.628932809285697E-001,-1.998440631356901E-001,6.628932809285697E-001,-1.998440631356901E-001,
2.094663204038366E+010,6.600991958535503E-001,-2.043990602873244E-001,6.600991958535503E-001,-2.043990602873244E-001,
2.138507464015848E+010,6.576267116689181E-001,-2.100485551171132E-001,6.576267116689181E-001,-2.100485551171132E-001,
2.183269446293157E+010,6.553716378026900E-001,-2.146054982928616E-001,6.553716378026900E-001,-2.146054982928616E-001,
2.228968360094489E+010,6.507219054535653E-001,-2.218186043587216E-001,6.507219054535653E-001,-2.218186043587216E-001,
2.275623816720238E+010,6.442025293579800E-001,-2.281203621798570E-001,6.442025293579800E-001,-2.281203621798570E-001,
2.323255837963022E+010,6.397077818141751E-001,-2.330581418040829E-001,6.397077818141751E-001,-2.330581418040829E-001,
2.371884864699861E+010,6.308905012656001E-001,-2.402187773722357E-001,6.308905012656001E-001,-2.402187773722357E-001,
2.421531765664209E+010,6.247230735346045E-001,-2.414637351399241E-001,6.247230735346045E-001,-2.414637351399241E-001,
2.472217846401591E+010,6.160318284699825E-001,-2.487356558307323E-001,6.160318284699825E-001,-2.487356558307323E-001,
2.523964858412701E+010,6.069369951913457E-001,-2.525311919761277E-001,6.069369951913457E-001,-2.525311919761277E-001,
2.576795008487867E+010,5.984255280546136E-001,-2.636987022817546E-001,5.984255280546136E-001,-2.636987022817546E-001,
2.630730968236913E+010,5.902057083222427E-001,-2.671213503209176E-001,5.902057083222427E-001,-2.671213503209176E-001,
2.685795883818483E+010,5.792447653995885E-001,-2.777463762133675E-001,5.792447653995885E-001,-2.777463762133675E-001,
2.742013385873019E+010,5.704055280799693E-001,-2.903250569029962E-001,5.704055280799693E-001,-2.903250569029962E-001,
2.799407599663654E+010,5.624671679284011E-001,-3.046764794101461E-001,5.624671679284011E-001,-3.046764794101461E-001,
2.858003155429355E+010,5.575887502007049E-001,-3.151846524514011E-001,5.575887502007049E-001,-3.151846524514011E-001,
2.917825198954789E+010,5.538743859515247E-001,-3.271122521291581E-001,5.538743859515247E-001,-3.271122521291581E-001,
2.978899402361419E+010,5.481117278104785E-001,-3.389383168543099E-001,5.481117278104785E-001,-3.389383168543099E-001,
3.041251975124476E+010,5.475580802479652E-001,-3.503129826545312E-001,5.475580802479652E-001,-3.503129826545312E-001,
3.104909675320535E+010,5.451777931993925E-001,-3.586665909832478E-001,5.451777931993925E-001,-3.586665909832478E-001,
3.169899821110511E+010,5.457766218095832E-001,-3.689271979107516E-001,5.457766218095832E-001,-3.689271979107516E-001,
3.236250302463025E+010,5.485813023827232E-001,-3.747620441193489E-001,5.485813023827232E-001,-3.747620441193489E-001,
3.303989593123136E+010,5.491427251588195E-001,-3.806441426700364E-001,5.491427251588195E-001,-3.806441426700364E-001,
3.373146762831615E+010,5.536394238372356E-001,-3.801599261964436E-001,5.536394238372356E-001,-3.801599261964436E-001,
3.443751489799971E+010,5.547671289404970E-001,-3.822104153736954E-001,5.547671289404970E-001,-3.822104153736954E-001,
3.515834073446610E+010,5.603941052977361E-001,-3.810462844361463E-001,5.603941052977361E-001,-3.810462844361463E-001,
3.589425447399565E+010,5.625171191561206E-001,-3.757391047867718E-001,5.625171191561206E-001,-3.757391047867718E-001,
3.664557192771407E+010,5.631384362966281E-001,-3.784156771103401E-001,5.631384362966281E-001,-3.784156771103401E-001,
3.741261551712006E+010,5.677623676062589E-001,-3.743705091307031E-001,5.677623676062589E-001,-3.743705091307031E-001,
3.819571441244975E+010,5.701675125056511E-001,-3.666271347104934E-001,5.701675125056511E-001,-3.666271347104934E-001,
3.899520467393736E+010,5.712109946959906E-001,-3.666271535504982E-001,5.712109946959906E-001,-3.666271535504982E-001,
3.981142939603255E+010,5.708904271655743E-001,-3.573860852721948E-001,5.708904271655743E-001,-3.573860852721948E-001,
4.064473885463650E+010,5.733615164346988E-001,-3.574527493807548E-001,5.733615164346988E-001,-3.574527493807548E-001,
4.149549065741983E+010,5.724042781996539E-001,-3.487224769700982E-001,5.724042781996539E-001,-3.487224769700982E-001,
4.236404989728691E+010,5.777478984906039E-001,-3.378627219163668E-001,5.777478984906039E-001,-3.378627219163668E-001,
4.325078930905235E+010,5.799269870993886E-001,-3.241963088191208E-001,5.799269870993886E-001,-3.241963088191208E-001,
4.415608942939697E+010,5.866706342378016E-001,-3.084403718647643E-001,5.866706342378016E-001,-3.084403718647643E-001,
4.508033876017195E+010,5.901241029123179E-001,-2.956538554613477E-001,5.901241029123179E-001,-2.956538554613477E-001,
4.602393393512102E+010,5.945256376435276E-001,-2.781244848063179E-001,5.945256376435276E-001,-2.781244848063179E-001,
4.698727989009248E+010,5.929153459893364E-001,-2.617852182444589E-001,5.929153459893364E-001,-2.617852182444589E-001,
4.797079003681400E+010,5.831941963134342E-001,-2.541519629210973E-001,5.831941963134342E-001,-2.541519629210973E-001,
4.897488644030473E+010,5.736294245276206E-001,-2.361753693787218E-001,5.736294245276206E-001,-2.361753693787218E-001,
5.000000000000000E+010,5.500551847719717E-001,-2.349531855940186E-001,5.500551847719717E-001,-2.349531855940186E-001,
