% Version 1.00
%
%freq[Hz],re:Trc1_S11,im:Trc1_S11,re:Trc2_S11,im:Trc2_S11,
1.000000000000000E+008,6.678435436176284E-001,-1.578453093177176E-002,6.678435436176284E-001,-1.578453093177176E-002,
1.020931412693436E+008,6.677023765263319E-001,-1.587796432570553E-002,6.677023765263319E-001,-1.587796432570553E-002,
1.042300949424215E+008,6.677548772766470E-001,-1.623958015404233E-002,6.677548772766470E-001,-1.623958015404233E-002,
1.064117780747374E+008,6.677808628582642E-001,-1.665607239646960E-002,6.677808628582642E-001,-1.665607239646960E-002,
1.086391269170620E+008,6.676039781885121E-001,-1.694595868165166E-002,6.676039781885121E-001,-1.694595868165166E-002,
1.109130973172177E+008,6.677801667260013E-001,-1.711477446460832E-002,6.677801667260013E-001,-1.711477446460832E-002,
1.132346651302716E+008,6.676445305664729E-001,-1.735880476499094E-002,6.676445305664729E-001,-1.735880476499094E-002,
1.156048266373163E+008,6.675374186894620E-001,-1.793948072816377E-002,6.675374186894620E-001,-1.793948072816377E-002,
1.180245989730151E+008,6.675190193274357E-001,-1.837298286555551E-002,6.675190193274357E-001,-1.837298286555551E-002,
1.204950205620966E+008,6.673895030554509E-001,-1.859252758650771E-002,6.673895030554509E-001,-1.859252758650771E-002,
1.230171515649859E+008,6.673496154524409E-001,-1.868050778109726E-002,6.673496154524409E-001,-1.868050778109726E-002,
1.255920743327636E+008,6.674286523266415E-001,-1.928119471857576E-002,6.674286523266415E-001,-1.928119471857576E-002,
1.282208938716474E+008,6.673207393619973E-001,-1.932600288514451E-002,6.673207393619973E-001,-1.932600288514451E-002,
1.309047383171961E+008,6.674344929199205E-001,-1.996239456762988E-002,6.674344929199205E-001,-1.996239456762988E-002,
1.336447594184396E+008,6.674769712981893E-001,-2.040676924151130E-002,6.674769712981893E-001,-2.040676924151130E-002,
1.364421330321420E+008,6.675030725461930E-001,-2.066643613273562E-002,6.675030725461930E-001,-2.066643613273562E-002,
1.392980596274105E+008,6.673365675000357E-001,-2.113393148702925E-002,6.673365675000357E-001,-2.113393148702925E-002,
1.422137648008667E+008,6.672338516948795E-001,-2.125678551427225E-002,6.672338516948795E-001,-2.125678551427225E-002,
1.451904998026009E+008,6.671831647961336E-001,-2.201439533456660E-002,6.671831647961336E-001,-2.201439533456660E-002,
1.482295420731354E+008,6.671613409574412E-001,-2.230253683177148E-002,6.671613409574412E-001,-2.230253683177148E-002,
1.513321957916272E+008,6.671874728037346E-001,-2.263327200470746E-002,6.671874728037346E-001,-2.263327200470746E-002,
1.544997924355456E+008,6.671055571250786E-001,-2.330704269046740E-002,6.671055571250786E-001,-2.330704269046740E-002,
1.577336913520643E+008,6.670686826402560E-001,-2.373372626624004E-002,6.670686826402560E-001,-2.373372626624004E-002,
1.610352803414134E+008,6.671070288756300E-001,-2.407906902376847E-002,6.671070288756300E-001,-2.407906902376847E-002,
1.644059762524427E+008,6.670685061864068E-001,-2.465006198628078E-002,6.670685061864068E-001,-2.465006198628078E-002,
1.678472255906498E+008,6.671063503611916E-001,-2.512376930244321E-002,6.671063503611916E-001,-2.512376930244321E-002,
1.713605051389360E+008,6.669307427203481E-001,-2.544867060380307E-002,6.669307427203481E-001,-2.544867060380307E-002,
1.749473225913547E+008,6.669392107138066E-001,-2.605736999423430E-002,6.669392107138066E-001,-2.605736999423430E-002,
1.786092172001261E+008,6.667853679244513E-001,-2.651344307022098E-002,6.667853679244513E-001,-2.651344307022098E-002,
1.823477604361935E+008,6.668554642703845E-001,-2.669490008401211E-002,6.668554642703845E-001,-2.669490008401211E-002,
1.861645566636073E+008,6.667872922317224E-001,-2.742792185883896E-002,6.667872922317224E-001,-2.742792185883896E-002,
1.900612438280239E+008,6.667212190094275E-001,-2.795317046930266E-002,6.667212190094275E-001,-2.795317046930266E-002,
1.940394941596160E+008,6.666075398989971E-001,-2.841096343216766E-002,6.666075398989971E-001,-2.841096343216766E-002,
1.981010148906965E+008,6.665052656039070E-001,-2.900392377620882E-002,6.665052656039070E-001,-2.900392377620882E-002,
2.022475489883622E+008,6.664562182168975E-001,-2.961529514173549E-002,6.664562182168975E-001,-2.961529514173549E-002,
2.064808759024735E+008,6.664839854563502E-001,-3.012836674874423E-002,6.664839854563502E-001,-3.012836674874423E-002,
2.108028123292904E+008,6.663456962063182E-001,-3.069711679733246E-002,6.663456962063182E-001,-3.069711679733246E-002,
2.152152129910917E+008,6.662464003826248E-001,-3.134725699039778E-002,6.662464003826248E-001,-3.134725699039778E-002,
2.197199714321140E+008,6.661659029668632E-001,-3.197743109349972E-002,6.661659029668632E-001,-3.197743109349972E-002,
2.243190208311496E+008,6.661566099889260E-001,-3.257002639988450E-002,6.661566099889260E-001,-3.257002639988450E-002,
2.290143348311539E+008,6.661462295033632E-001,-3.326876546691870E-002,6.661462295033632E-001,-3.326876546691870E-002,
2.338079283862175E+008,6.661043452205285E-001,-3.379275737371967E-002,6.661043452205285E-001,-3.379275737371967E-002,
2.387018586262668E+008,6.660374871022613E-001,-3.460468625913273E-002,6.660374871022613E-001,-3.460468625913273E-002,
2.436982257398635E+008,6.659275531639097E-001,-3.519629738731704E-002,6.659275531639097E-001,-3.519629738731704E-002,
2.487991738754827E+008,6.658329691302640E-001,-3.596534247047339E-002,6.658329691302640E-001,-3.596534247047339E-002,
2.540068920616564E+008,6.657845490136575E-001,-3.662074190068274E-002,6.657845490136575E-001,-3.662074190068274E-002,
2.593236151463760E+008,6.657069224518101E-001,-3.742034096950645E-002,6.657069224518101E-001,-3.742034096950645E-002,
2.647516247561587E+008,6.656323907971140E-001,-3.811444862340764E-002,6.656323907971140E-001,-3.811444862340764E-002,
2.702932502751876E+008,6.656368580066061E-001,-3.899454039986657E-002,6.656368580066061E-001,-3.899454039986657E-002,
2.759508698449477E+008,6.655369633580059E-001,-3.973463533571035E-002,6.655369633580059E-001,-3.973463533571035E-002,
2.817269113847850E+008,6.654627190264366E-001,-4.062445267808244E-002,6.654627190264366E-001,-4.062445267808244E-002,
2.876238536338270E+008,6.653103097088805E-001,-4.144539124737902E-002,6.653103097088805E-001,-4.144539124737902E-002,
2.936442272147132E+008,6.652348624023208E-001,-4.217780756832500E-002,6.652348624023208E-001,-4.217780756832500E-002,
2.997906157195895E+008,6.651995871517450E-001,-4.303378863363218E-002,6.651995871517450E-001,-4.303378863363218E-002,
3.060656568188355E+008,6.651000754794058E-001,-4.383609188615417E-002,6.651000754794058E-001,-4.383609188615417E-002,
3.124720433929982E+008,6.650596994749917E-001,-4.474503256362824E-002,6.650596994749917E-001,-4.474503256362824E-002,
3.190125246884183E+008,6.649486424414065E-001,-4.565389884710416E-002,6.649486424414065E-001,-4.565389884710416E-002,
3.256899074970465E+008,6.649027312167628E-001,-4.657179721047838E-002,6.649027312167628E-001,-4.657179721047838E-002,
3.325070573609542E+008,6.647646594642558E-001,-4.745093739434039E-002,6.647646594642558E-001,-4.745093739434039E-002,
3.394668998020564E+008,6.646574927431248E-001,-4.844422254084406E-002,6.646574927431248E-001,-4.844422254084406E-002,
3.465724215775746E+008,6.646079610378027E-001,-4.938633768634021E-002,6.646079610378027E-001,-4.938633768634021E-002,
3.538266719617783E+008,6.644611940586355E-001,-5.043151096017100E-002,6.644611940586355E-001,-5.043151096017100E-002,
3.612327640545553E+008,6.643903586160898E-001,-5.141823565417377E-002,6.643903586160898E-001,-5.141823565417377E-002,
3.687938761173719E+008,6.641935374124003E-001,-5.246007248055108E-002,6.641935374124003E-001,-5.246007248055108E-002,
3.765132529371966E+008,6.640504988604192E-001,-5.348072290550020E-002,6.640504988604192E-001,-5.348072290550020E-002,
3.843942072189731E+008,6.639125998986816E-001,-5.451237117526262E-002,6.639125998986816E-001,-5.451237117526262E-002,
3.924401210072396E+008,6.637525905151481E-001,-5.555547911339162E-002,6.637525905151481E-001,-5.555547911339162E-002,
4.006544471375042E+008,6.636324344091960E-001,-5.672907360449699E-002,6.636324344091960E-001,-5.672907360449699E-002,
4.090407107179998E+008,6.634456476399491E-001,-5.790665099629750E-002,6.634456476399491E-001,-5.790665099629750E-002,
4.176025106424546E+008,6.633610405799461E-001,-5.912155857879187E-002,6.633610405799461E-001,-5.912155857879187E-002,
4.263435211345269E+008,6.631417357115044E-001,-6.038041996628497E-002,6.631417357115044E-001,-6.038041996628497E-002,
4.352674933245664E+008,6.629525626808772E-001,-6.162648148139557E-002,6.629525626808772E-001,-6.162648148139557E-002,
4.443782568593804E+008,6.627020938362679E-001,-6.290210318716105E-002,6.627020938362679E-001,-6.290210318716105E-002,
4.536797215456938E+008,6.625049091870527E-001,-6.415442121669063E-002,6.625049091870527E-001,-6.415442121669063E-002,
4.631758790280099E+008,6.623553332825124E-001,-6.544257003121659E-002,6.623553332825124E-001,-6.544257003121659E-002,
4.728708045015902E+008,6.621955264007780E-001,-6.680012272226940E-002,6.621955264007780E-001,-6.680012272226940E-002,
4.827686584612901E+008,6.620270766769366E-001,-6.817996635879700E-002,6.620270766769366E-001,-6.817996635879700E-002,
4.928736884869999E+008,6.619587028602121E-001,-6.961135288351313E-002,6.619587028602121E-001,-6.961135288351313E-002,
5.031902310664573E+008,6.618566853276273E-001,-7.102927487818575E-002,6.618566853276273E-001,-7.102927487818575E-002,
5.137227134562149E+008,6.616643095323583E-001,-7.247206642885211E-002,6.616643095323583E-001,-7.247206642885211E-002,
5.244756555815587E+008,6.613238969068100E-001,-7.392549111695992E-002,6.613238969068100E-001,-7.392549111695992E-002,
5.354536719761968E+008,6.610407155045375E-001,-7.534733365131829E-002,6.610407155045375E-001,-7.534733365131829E-002,
5.466614737625463E+008,6.608165496479814E-001,-7.686968783637885E-002,6.608165496479814E-001,-7.686968783637885E-002,
5.581038706734722E+008,6.605663735218437E-001,-7.841959163266486E-002,6.605663735218437E-001,-7.841959163266486E-002,
5.697857731163427E+008,6.603691276176600E-001,-7.998965551639442E-002,6.603691276176600E-001,-7.998965551639442E-002,
5.817121942802894E+008,6.602409540772178E-001,-8.161725316829720E-002,6.602409540772178E-001,-8.161725316829720E-002,
5.938882522875744E+008,6.598175651973193E-001,-8.340701720629670E-002,6.598175651973193E-001,-8.340701720629670E-002,
6.063191723899891E+008,6.593085792518892E-001,-8.499111092976899E-002,6.593085792518892E-001,-8.499111092976899E-002,
6.190102892112266E+008,6.588424523013010E-001,-8.661403981076990E-002,6.588424523013010E-001,-8.661403981076990E-002,
6.319670490361900E+008,6.584751872418568E-001,-8.840154924212065E-002,6.584751872418568E-001,-8.840154924212065E-002,
6.451950121482195E+008,6.581444926358638E-001,-9.031046308226667E-002,6.581444926358638E-001,-9.031046308226667E-002,
6.586998552152404E+008,6.579497229508708E-001,-9.242889268387827E-002,6.579497229508708E-001,-9.242889268387827E-002,
6.724873737258571E+008,6.576292962739211E-001,-9.420282538060071E-002,6.576292962739211E-001,-9.420282538060071E-002,
6.865634844764381E+008,6.571537892387247E-001,-9.592282422005422E-002,6.571537892387247E-001,-9.592282422005422E-002,
7.009342281102579E+008,6.567848662133247E-001,-9.783052986309229E-002,6.567848662133247E-001,-9.783052986309229E-002,
7.156057717097888E+008,6.564373076597835E-001,-9.984237912758322E-002,6.564373076597835E-001,-9.984237912758322E-002,
7.305844114432513E+008,6.562210541865272E-001,-1.019800627259205E-001,6.562210541865272E-001,-1.019800627259205E-001,
7.458765752665610E+008,6.558479998264483E-001,-1.041778772269649E-001,6.558479998264483E-001,-1.041778772269649E-001,
7.614888256818322E+008,6.549520031293117E-001,-1.061717377972347E-001,6.549520031293117E-001,-1.061717377972347E-001,
7.774278625536187E+008,6.542581679951913E-001,-1.079897528665214E-001,6.542581679951913E-001,-1.079897528665214E-001,
7.937005259841044E+008,6.535962375610281E-001,-1.102066106546578E-001,6.535962375610281E-001,-1.102066106546578E-001,
8.103137992484750E+008,6.530473669526410E-001,-1.126228888619665E-001,6.530473669526410E-001,-1.126228888619665E-001,
8.272748117917309E+008,6.526318983420761E-001,-1.150254382978078E-001,6.526318983420761E-001,-1.150254382978078E-001,
8.445908422882283E+008,6.519682692624077E-001,-1.173993007588034E-001,6.519682692624077E-001,-1.173993007588034E-001,
8.622693217652600E+008,6.513422262511933E-001,-1.195834230390640E-001,6.513422262511933E-001,-1.195834230390640E-001,
8.803178367920179E+008,6.508702703118362E-001,-1.220005118693827E-001,6.508702703118362E-001,-1.220005118693827E-001,
8.987441327353046E+008,6.504815066437371E-001,-1.244781237092584E-001,6.504815066437371E-001,-1.244781237092584E-001,
9.175561170833916E+008,6.496125656909387E-001,-1.268549871777381E-001,6.496125656909387E-001,-1.268549871777381E-001,
9.367618628394508E+008,6.486024273479512E-001,-1.291006015971891E-001,6.486024273479512E-001,-1.291006015971891E-001,
9.563696119860154E+008,6.476636259301636E-001,-1.317893120249988E-001,6.476636259301636E-001,-1.317893120249988E-001,
9.763877790219561E+008,6.469492813610894E-001,-1.346181403266960E-001,6.469492813610894E-001,-1.346181403266960E-001,
9.968249545734922E+008,6.459181334991450E-001,-1.373684938694572E-001,6.459181334991450E-001,-1.373684938694572E-001,
1.017689909080786E+009,6.449029091465304E-001,-1.400020127094913E-001,6.449029091465304E-001,-1.400020127094913E-001,
1.038991596561701E+009,6.441383664413685E-001,-1.430693002075818E-001,6.441383664413685E-001,-1.430693002075818E-001,
1.060739158454346E+009,6.437947934537922E-001,-1.460593193273635E-001,6.437947934537922E-001,-1.460593193273635E-001,
1.082941927540042E+009,6.423693816362748E-001,-1.485158132652790E-001,6.423693816362748E-001,-1.485158132652790E-001,
1.105609431948408E+009,6.411828159442479E-001,-1.511393297357889E-001,6.411828159442479E-001,-1.511393297357889E-001,
1.128751399246275E+009,6.400108693849205E-001,-1.543410628747968E-001,6.400108693849205E-001,-1.543410628747968E-001,
1.152377760612193E+009,6.387728563166131E-001,-1.574183470732204E-001,6.387728563166131E-001,-1.574183470732204E-001,
1.176498655098304E+009,6.373523120213345E-001,-1.604046030552878E-001,6.373523120213345E-001,-1.604046030552878E-001,
1.201124433981439E+009,6.362964867607758E-001,-1.639454358514823E-001,6.362964867607758E-001,-1.639454358514823E-001,
1.226265665205275E+009,6.354667068644757E-001,-1.672857757525142E-001,6.354667068644757E-001,-1.672857757525142E-001,
1.251933137915478E+009,6.338010704327388E-001,-1.699531819941764E-001,6.338010704327388E-001,-1.699531819941764E-001,
1.278137867089775E+009,6.323544685726925E-001,-1.731289378522070E-001,6.323544685726925E-001,-1.731289378522070E-001,
1.304891098264939E+009,6.308064676437772E-001,-1.764398028013828E-001,6.308064676437772E-001,-1.764398028013828E-001,
1.332204312362714E+009,6.289280121704002E-001,-1.795456467831123E-001,6.289280121704002E-001,-1.795456467831123E-001,
1.360089230616753E+009,6.273108241338548E-001,-1.836230515627068E-001,6.273108241338548E-001,-1.836230515627068E-001,
1.388557819602690E+009,6.261715000550323E-001,-1.874193298583716E-001,6.261715000550323E-001,-1.874193298583716E-001,
1.417622296373492E+009,6.242477188857714E-001,-1.905944500729714E-001,6.242477188857714E-001,-1.905944500729714E-001,
1.447295133702302E+009,6.226212974397467E-001,-1.943506254045699E-001,6.226212974397467E-001,-1.943506254045699E-001,
1.477589065435027E+009,6.208314241790677E-001,-1.975520654724355E-001,6.208314241790677E-001,-1.975520654724355E-001,
1.508517091954956E+009,6.184354992953169E-001,-2.012452097151618E-001,6.184354992953169E-001,-2.012452097151618E-001,
1.540092485761767E+009,6.166918831299851E-001,-2.059548554772012E-001,6.166918831299851E-001,-2.059548554772012E-001,
1.572328797167307E+009,6.144639637107141E-001,-2.095545325366369E-001,6.144639637107141E-001,-2.095545325366369E-001,
1.605239860110590E+009,6.127482915017877E-001,-2.137568660839628E-001,6.127482915017877E-001,-2.137568660839628E-001,
1.638839798094518E+009,6.104295080404284E-001,-2.170649219092718E-001,6.104295080404284E-001,-2.170649219092718E-001,
1.673143030246862E+009,6.077825507067811E-001,-2.210666875368541E-001,6.077825507067811E-001,-2.210666875368541E-001,
1.708164277508106E+009,6.053801110140210E-001,-2.254979432380331E-001,6.053801110140210E-001,-2.254979432380331E-001,
1.743918568948813E+009,6.027244859779032E-001,-2.296837619131755E-001,6.027244859779032E-001,-2.296837619131755E-001,
1.780421248219227E+009,6.008582592347448E-001,-2.341538778720839E-001,6.008582592347448E-001,-2.341538778720839E-001,
1.817687980133866E+009,5.978747568199185E-001,-2.376457956342852E-001,5.978747568199185E-001,-2.376457956342852E-001,
1.855734757393946E+009,5.948884782145283E-001,-2.420615981049047E-001,5.948884782145283E-001,-2.420615981049047E-001,
1.894577907450513E+009,5.915216402568853E-001,-2.461878903337778E-001,5.915216402568853E-001,-2.461878903337778E-001,
1.934234099511226E+009,5.890355384471886E-001,-2.517794720828377E-001,5.890355384471886E-001,-2.517794720828377E-001,
1.974720351693812E+009,5.860894501773966E-001,-2.553308703981455E-001,5.860894501773966E-001,-2.553308703981455E-001,
2.016054038329243E+009,5.831187518366165E-001,-2.601250229491964E-001,5.831187518366165E-001,-2.601250229491964E-001,
2.058252897417781E+009,5.792388901614972E-001,-2.641386419476272E-001,5.792388901614972E-001,-2.641386419476272E-001,
2.101335038241093E+009,5.756396685691905E-001,-2.694385402392001E-001,5.756396685691905E-001,-2.694385402392001E-001,
2.145318949133695E+009,5.722159011469123E-001,-2.739764955538163E-001,5.722159011469123E-001,-2.739764955538163E-001,
2.190223505417061E+009,5.688260783527690E-001,-2.783427404018949E-001,5.688260783527690E-001,-2.783427404018949E-001,
2.236067977499810E+009,5.644846706755157E-001,-2.828570957160160E-001,5.644846706755157E-001,-2.828570957160160E-001,
2.282872039147435E+009,5.606084788218779E-001,-2.878718872144371E-001,5.606084788218779E-001,-2.878718872144371E-001,
2.330655775925136E+009,5.568538139400994E-001,-2.929967340594469E-001,5.568538139400994E-001,-2.929967340594469E-001,
2.379439693817366E+009,5.527328963513937E-001,-2.972325868093982E-001,5.527328963513937E-001,-2.972325868093982E-001,
2.429244728027800E+009,5.480828459272527E-001,-3.020417355931542E-001,5.480828459272527E-001,-3.020417355931542E-001,
2.480092251963504E+009,5.435190026841781E-001,-3.075468068415695E-001,5.435190026841781E-001,-3.075468068415695E-001,
2.532004086407146E+009,5.394908921824027E-001,-3.122908988197789E-001,5.394908921824027E-001,-3.122908988197789E-001,
2.585002508881200E+009,5.348002085393222E-001,-3.169603617505709E-001,5.348002085393222E-001,-3.169603617505709E-001,
2.639110263208160E+009,5.293938257627506E-001,-3.225227078909856E-001,5.293938257627506E-001,-3.225227078909856E-001,
2.694350569270853E+009,5.247940614414945E-001,-3.274656347989139E-001,5.247940614414945E-001,-3.274656347989139E-001,
2.750747132977056E+009,5.197884551329783E-001,-3.318297546016248E-001,5.197884551329783E-001,-3.318297546016248E-001,
2.808324156432685E+009,5.140591685211891E-001,-3.374870044965337E-001,5.140591685211891E-001,-3.374870044965337E-001,
2.867106348327923E+009,5.086912472578515E-001,-3.427667559934048E-001,5.086912472578515E-001,-3.427667559934048E-001,
2.927118934540746E+009,5.034538050292693E-001,-3.472266211099058E-001,5.034538050292693E-001,-3.472266211099058E-001,
2.988387668962389E+009,4.972684198009110E-001,-3.527397433889984E-001,4.972684198009110E-001,-3.527397433889984E-001,
3.050938844549417E+009,4.914479287510124E-001,-3.579346105468882E-001,4.914479287510124E-001,-3.579346105468882E-001,
3.114799304607116E+009,4.853786070538816E-001,-3.625998214161816E-001,4.853786070538816E-001,-3.625998214161816E-001,
3.179996454309075E+009,4.787238398297830E-001,-3.681830932101366E-001,4.787238398297830E-001,-3.681830932101366E-001,
3.246558272457882E+009,4.728779762641839E-001,-3.730542967266137E-001,4.728779762641839E-001,-3.730542967266137E-001,
3.314513323491987E+009,4.661095908485882E-001,-3.776720770514592E-001,4.661095908485882E-001,-3.776720770514592E-001,
3.383890769743891E+009,4.594424904825627E-001,-3.833352653378576E-001,4.594424904825627E-001,-3.833352653378576E-001,
3.454720383954909E+009,4.529045756714372E-001,-3.876137719419762E-001,4.529045756714372E-001,-3.876137719419762E-001,
3.527032562051896E+009,4.446267634526371E-001,-3.929691659579678E-001,4.446267634526371E-001,-3.929691659579678E-001,
3.600858336191391E+009,4.379020799579599E-001,-3.983751972659694E-001,4.379020799579599E-001,-3.983751972659694E-001,
3.676229388076813E+009,4.302855885145036E-001,-4.024564699288570E-001,4.302855885145036E-001,-4.024564699288570E-001,
3.753178062554387E+009,4.223398918334840E-001,-4.084630934776463E-001,4.223398918334840E-001,-4.084630934776463E-001,
3.831737381493663E+009,4.150713922594970E-001,-4.123731736817208E-001,4.150713922594970E-001,-4.123731736817208E-001,
3.911941057958573E+009,4.064564808825090E-001,-4.177789901034561E-001,4.064564808825090E-001,-4.177789901034561E-001,
3.993823510675101E+009,3.993273637422734E-001,-4.220025964471247E-001,3.993273637422734E-001,-4.220025964471247E-001,
4.077419878801790E+009,3.898587988999815E-001,-4.265921093076507E-001,3.898587988999815E-001,-4.265921093076507E-001,
4.162766037009410E+009,3.821128167043531E-001,-4.313662463675099E-001,3.821128167043531E-001,-4.313662463675099E-001,
4.249898610876274E+009,3.728033081933297E-001,-4.353642332604930E-001,3.728033081933297E-001,-4.353642332604930E-001,
4.338854992605786E+009,3.647167670408287E-001,-4.399783204739508E-001,3.647167670408287E-001,-4.399783204739508E-001,
4.429673357072994E+009,3.546367309963538E-001,-4.439323095880969E-001,3.546367309963538E-001,-4.439323095880969E-001,
4.522392678207007E+009,3.466367591563504E-001,-4.484887507285391E-001,3.466367591563504E-001,-4.484887507285391E-001,
4.617052745716332E+009,3.365647157531228E-001,-4.522491689499059E-001,3.365647157531228E-001,-4.522491689499059E-001,
4.713694182164284E+009,3.277668107136053E-001,-4.561521324172758E-001,3.277668107136053E-001,-4.561521324172758E-001,
4.812358460401814E+009,3.174858986346844E-001,-4.600895823460206E-001,3.174858986346844E-001,-4.600895823460206E-001,
4.913087921365233E+009,3.081348241720534E-001,-4.633638479265565E-001,3.081348241720534E-001,-4.633638479265565E-001,
5.015925792246465E+009,2.979928007345638E-001,-4.674619250335005E-001,2.979928007345638E-001,-4.674619250335005E-001,
5.120916205043626E+009,2.882485778296709E-001,-4.701587986470465E-001,2.882485778296709E-001,-4.701587986470465E-001,
5.228104215499899E+009,2.781749436442436E-001,-4.737846255210388E-001,2.781749436442436E-001,-4.737846255210388E-001,
5.337535822438821E+009,2.675564060529371E-001,-4.768261717052905E-001,2.675564060529371E-001,-4.768261717052905E-001,
5.449257987504287E+009,2.577629687535979E-001,-4.795813144943283E-001,2.577629687535979E-001,-4.795813144943283E-001,
5.563318655313743E+009,2.473738396897166E-001,-4.829192809063033E-001,2.473738396897166E-001,-4.829192809063033E-001,
5.679766774033207E+009,2.370857697339454E-001,-4.848138035966487E-001,2.370857697339454E-001,-4.848138035966487E-001,
5.798652316382962E+009,2.268048163840772E-001,-4.873101021250663E-001,2.268048163840772E-001,-4.873101021250663E-001,
5.920026301082923E+009,2.159241288511168E-001,-4.899031011166056E-001,2.159241288511168E-001,-4.899031011166056E-001,
6.043940814746885E+009,2.052976014455768E-001,-4.912267968815257E-001,2.052976014455768E-001,-4.912267968815257E-001,
6.170449034235055E+009,1.951645333958605E-001,-4.928193483678707E-001,1.951645333958605E-001,-4.928193483678707E-001,
6.299605249474443E+009,1.844357798494349E-001,-4.950244931632466E-001,1.844357798494349E-001,-4.950244931632466E-001,
6.431464886756929E+009,1.730622878830341E-001,-4.959942876977931E-001,1.730622878830341E-001,-4.959942876977931E-001,
6.566084532524983E+009,1.624155659524282E-001,-4.970435985290593E-001,1.624155659524282E-001,-4.970435985290593E-001,
6.703521957655251E+009,1.518737169329862E-001,-4.977392091005393E-001,1.518737169329862E-001,-4.977392091005393E-001,
6.843836142250444E+009,1.409303600455712E-001,-4.987615506618814E-001,1.409303600455712E-001,-4.987615506618814E-001,
6.987087300950141E+009,1.296843156509403E-001,-4.991917748371186E-001,1.296843156509403E-001,-4.991917748371186E-001,
7.133336908771395E+009,1.189526852172045E-001,-4.989628398278198E-001,1.189526852172045E-001,-4.989628398278198E-001,
7.282647727490209E+009,1.084374208279368E-001,-4.985452193902858E-001,1.084374208279368E-001,-4.985452193902858E-001,
7.435083832575221E+009,9.807935639143975E-002,-4.978919688202336E-001,9.807935639143975E-002,-4.978919688202336E-001,
7.590710640685147E+009,8.796031815300487E-002,-4.975297989146736E-001,8.796031815300487E-002,-4.975297989146736E-001,
7.749594937741785E+009,7.725437914610470E-002,-4.962553126376171E-001,7.725437914610470E-002,-4.962553126376171E-001,
7.911804907590622E+009,6.721194023074233E-002,-4.951157199819537E-001,6.721194023074233E-002,-4.951157199819537E-001,
8.077410161261354E+009,5.667057779558725E-002,-4.935506886907098E-001,5.667057779558725E-002,-4.935506886907098E-001,
8.246481766840870E+009,4.691832022270852E-002,-4.917092750574616E-001,4.691832022270852E-002,-4.917092750574616E-001,
8.419092279971513E+009,3.694726395428302E-002,-4.897111883737353E-001,3.694726395428302E-002,-4.897111883737353E-001,
8.595315774987719E+009,2.730467709550074E-002,-4.872198916591955E-001,2.730467709550074E-002,-4.872198916591955E-001,
8.775227876704388E+009,1.769230388094460E-002,-4.845211703641831E-001,1.769230388094460E-002,-4.845211703641831E-001,
8.958905792870632E+009,8.516073508015606E-003,-4.813613601614794E-001,8.516073508015606E-003,-4.813613601614794E-001,
9.146428347302822E+009,-4.279506492266520E-004,-4.775142273089603E-001,-4.279506492266520E-004,-4.775142273089603E-001,
9.337876013711161E+009,-9.601522742297350E-003,-4.748635849817079E-001,-9.601522742297350E-003,-4.748635849817079E-001,
9.533330950234287E+009,-1.825598259649162E-002,-4.701653896624854E-001,-1.825598259649162E-002,-4.701653896624854E-001,
9.732877034696749E+009,-2.673386475340381E-002,-4.659419467045770E-001,-2.673386475340381E-002,-4.659419467045770E-001,
9.936599900604454E+009,-3.560539490114482E-002,-4.614612533236236E-001,-3.560539490114482E-002,-4.614612533236236E-001,
1.014458697389356E+010,-4.411252730573115E-002,-4.569526549668569E-001,-4.411252730573115E-002,-4.569526549668569E-001,
1.035692751044859E+010,-5.287869168112931E-002,-4.525967864361652E-001,-5.287869168112931E-002,-4.525967864361652E-001,
1.057371263440579E+010,-6.023682760534331E-002,-4.481340907608404E-001,-6.023682760534331E-002,-4.481340907608404E-001,
1.079503537725833E+010,-6.813756423331421E-002,-4.430209113521049E-001,-6.813756423331421E-002,-4.430209113521049E-001,
1.102099071777997E+010,-7.508936384381777E-002,-4.372846944773571E-001,-7.508936384381777E-002,-4.372846944773571E-001,
1.125167562278435E+010,-8.323085081865274E-002,-4.317837419707955E-001,-8.323085081865274E-002,-4.317837419707955E-001,
1.148718908873753E+010,-9.142565275170526E-002,-4.268812147735933E-001,-9.142565275170526E-002,-4.268812147735933E-001,
1.172763218424143E+010,-9.838450456509772E-002,-4.201470386092219E-001,-9.838450456509772E-002,-4.201470386092219E-001,
1.197310809340661E+010,-1.074717245754984E-001,-4.150236529141577E-001,-1.074717245754984E-001,-4.150236529141577E-001,
1.222372216013282E+010,-1.136705287115021E-001,-4.093748493293442E-001,-1.136705287115021E-001,-4.093748493293442E-001,
1.247958193331646E+010,-1.220500750655436E-001,-4.026606208239683E-001,-1.220500750655436E-001,-4.026606208239683E-001,
1.274079721300426E+010,-1.295850759129533E-001,-3.986713594296235E-001,-1.295850759129533E-001,-3.986713594296235E-001,
1.300748009751303E+010,-1.371304318911839E-001,-3.920572721639956E-001,-1.371304318911839E-001,-3.920572721639956E-001,
1.327974503153573E+010,-1.451550676183510E-001,-3.870640275736753E-001,-1.451550676183510E-001,-3.870640275736753E-001,
1.355770885525442E+010,-1.526061141922683E-001,-3.809872605212927E-001,-1.526061141922683E-001,-3.809872605212927E-001,
1.384149085448120E+010,-1.597555805376768E-001,-3.762465147218364E-001,-1.597555805376768E-001,-3.762465147218364E-001,
1.413121281184877E+010,-1.682856491036213E-001,-3.710626208473364E-001,-1.682856491036213E-001,-3.710626208473364E-001,
1.442699905907235E+010,-1.757484417420528E-001,-3.656166973047469E-001,-1.757484417420528E-001,-3.656166973047469E-001,
1.472897653030561E+010,-1.833484392417214E-001,-3.609129691662198E-001,-1.833484392417214E-001,-3.609129691662198E-001,
1.503727481661337E+010,-1.913344543989655E-001,-3.562870488145837E-001,-1.913344543989655E-001,-3.562870488145837E-001,
1.535202622158452E+010,-1.993170272003503E-001,-3.505376656762008E-001,-1.993170272003503E-001,-3.505376656762008E-001,
1.567336581810895E+010,-2.069408519419319E-001,-3.457402842068404E-001,-2.069408519419319E-001,-3.457402842068404E-001,
1.600143150634299E+010,-2.143295251075665E-001,-3.417513848884289E-001,-2.143295251075665E-001,-3.417513848884289E-001,
1.633636407288800E+010,-2.222025289101683E-001,-3.373186872703163E-001,-2.222025289101683E-001,-3.373186872703163E-001,
1.667830725120785E+010,-2.302088883646412E-001,-3.335847114285860E-001,-2.302088883646412E-001,-3.335847114285860E-001,
1.702740778331081E+010,-2.377202185065104E-001,-3.298275485724861E-001,-2.377202185065104E-001,-3.298275485724861E-001,
1.738381548272271E+010,-2.439848786809082E-001,-3.248108462427867E-001,-2.439848786809082E-001,-3.248108462427867E-001,
1.774768329877812E+010,-2.506886985016099E-001,-3.200809701596186E-001,-2.506886985016099E-001,-3.200809701596186E-001,
1.811916738225725E+010,-2.567778204591790E-001,-3.152811192170344E-001,-2.567778204591790E-001,-3.152811192170344E-001,
1.849842715239673E+010,-2.615049492011671E-001,-3.113058040788600E-001,-2.615049492011671E-001,-3.113058040788600E-001,
1.888562536530301E+010,-2.667987471349562E-001,-3.058796699835776E-001,-2.667987471349562E-001,-3.058796699835776E-001,
1.928092818379779E+010,-2.722003151285282E-001,-2.998773156645640E-001,-2.722003151285282E-001,-2.998773156645640E-001,
1.968450524872536E+010,-2.772749025839035E-001,-2.946198207562771E-001,-2.772749025839035E-001,-2.946198207562771E-001,
2.009652975175254E+010,-2.797623932936018E-001,-2.913070350770771E-001,-2.797623932936018E-001,-2.913070350770771E-001,
2.051717850969239E+010,-2.820687493635227E-001,-2.848837300987829E-001,-2.820687493635227E-001,-2.848837300987829E-001,
2.094663204038366E+010,-2.863963929750982E-001,-2.797084118086276E-001,-2.863963929750982E-001,-2.797084118086276E-001,
2.138507464015848E+010,-2.869206243947049E-001,-2.742012447392461E-001,-2.869206243947049E-001,-2.742012447392461E-001,
2.183269446293157E+010,-2.916167878038504E-001,-2.686275220623458E-001,-2.916167878038504E-001,-2.686275220623458E-001,
2.228968360094489E+010,-2.935969423983899E-001,-2.647736512832541E-001,-2.935969423983899E-001,-2.647736512832541E-001,
2.275623816720238E+010,-2.973396606648920E-001,-2.585487107797951E-001,-2.973396606648920E-001,-2.585487107797951E-001,
2.323255837963022E+010,-2.985640938098519E-001,-2.540564950948598E-001,-2.985640938098519E-001,-2.540564950948598E-001,
2.371884864699861E+010,-3.038277502537406E-001,-2.509000231558839E-001,-3.038277502537406E-001,-2.509000231558839E-001,
2.421531765664209E+010,-3.086193242870334E-001,-2.499649474153338E-001,-3.086193242870334E-001,-2.499649474153338E-001,
2.472217846401591E+010,-3.128418406570974E-001,-2.464662910748527E-001,-3.128418406570974E-001,-2.464662910748527E-001,
2.523964858412701E+010,-3.190902181403155E-001,-2.454863204027493E-001,-3.190902181403155E-001,-2.454863204027493E-001,
2.576795008487867E+010,-3.247751880998978E-001,-2.452911523464283E-001,-3.247751880998978E-001,-2.452911523464283E-001,
2.630730968236913E+010,-3.300756968796749E-001,-2.445550048482728E-001,-3.300756968796749E-001,-2.445550048482728E-001,
2.685795883818483E+010,-3.347344413676401E-001,-2.495548001542766E-001,-3.347344413676401E-001,-2.495548001542766E-001,
2.742013385873019E+010,-3.379881018149998E-001,-2.559031929331665E-001,-3.379881018149998E-001,-2.559031929331665E-001,
2.799407599663654E+010,-3.397118079635355E-001,-2.603507582225694E-001,-3.397118079635355E-001,-2.603507582225694E-001,
2.858003155429355E+010,-3.429657887875071E-001,-2.635897281831540E-001,-3.429657887875071E-001,-2.635897281831540E-001,
2.917825198954789E+010,-3.435926802914316E-001,-2.742156717758949E-001,-3.435926802914316E-001,-2.742156717758949E-001,
2.978899402361419E+010,-3.375025263769261E-001,-2.825747509954241E-001,-3.375025263769261E-001,-2.825747509954241E-001,
3.041251975124476E+010,-3.354581219044314E-001,-2.821990433029739E-001,-3.354581219044314E-001,-2.821990433029739E-001,
3.104909675320535E+010,-3.280730517298809E-001,-2.856821312212062E-001,-3.280730517298809E-001,-2.856821312212062E-001,
3.169899821110511E+010,-3.222319722257355E-001,-2.887895335082750E-001,-3.222319722257355E-001,-2.887895335082750E-001,
3.236250302463025E+010,-3.080521453987451E-001,-2.892243965313153E-001,-3.080521453987451E-001,-2.892243965313153E-001,
3.303989593123136E+010,-2.980911977687103E-001,-2.870404116240712E-001,-2.980911977687103E-001,-2.870404116240712E-001,
3.373146762831615E+010,-2.846835502646593E-001,-2.842483055787313E-001,-2.846835502646593E-001,-2.842483055787313E-001,
3.443751489799971E+010,-2.769836326494029E-001,-2.740602608082303E-001,-2.769836326494029E-001,-2.740602608082303E-001,
3.515834073446610E+010,-2.673695534767109E-001,-2.685605322635559E-001,-2.673695534767109E-001,-2.685605322635559E-001,
3.589425447399565E+010,-2.640126389256143E-001,-2.596557311883036E-001,-2.640126389256143E-001,-2.596557311883036E-001,
3.664557192771407E+010,-2.514833375086005E-001,-2.524161377993186E-001,-2.514833375086005E-001,-2.524161377993186E-001,
3.741261551712006E+010,-2.553221081188978E-001,-2.410071129004262E-001,-2.553221081188978E-001,-2.410071129004262E-001,
3.819571441244975E+010,-2.524283205856299E-001,-2.422439473307923E-001,-2.524283205856299E-001,-2.422439473307923E-001,
3.899520467393736E+010,-2.531991481147751E-001,-2.361231174647417E-001,-2.531991481147751E-001,-2.361231174647417E-001,
3.981142939603255E+010,-2.550128599596179E-001,-2.363513330157568E-001,-2.550128599596179E-001,-2.363513330157568E-001,
4.064473885463650E+010,-2.517943471025259E-001,-2.345717777485533E-001,-2.517943471025259E-001,-2.345717777485533E-001,
4.149549065741983E+010,-2.463847337042849E-001,-2.353154052623418E-001,-2.463847337042849E-001,-2.353154052623418E-001,
4.236404989728691E+010,-2.374900111290297E-001,-2.370925632959488E-001,-2.374900111290297E-001,-2.370925632959488E-001,
4.325078930905235E+010,-2.270681548351179E-001,-2.340069811947826E-001,-2.270681548351179E-001,-2.340069811947826E-001,
4.415608942939697E+010,-2.132734257100502E-001,-2.293931107179206E-001,-2.132734257100502E-001,-2.293931107179206E-001,
4.508033876017195E+010,-1.987095642491130E-001,-2.123986212393427E-001,-1.987095642491130E-001,-2.123986212393427E-001,
4.602393393512102E+010,-1.887765983128706E-001,-1.870880358295852E-001,-1.887765983128706E-001,-1.870880358295852E-001,
4.698727989009248E+010,-1.858138480730348E-001,-1.682000113402888E-001,-1.858138480730348E-001,-1.682000113402888E-001,
4.797079003681400E+010,-1.820551522934574E-001,-1.363427858302998E-001,-1.820551522934574E-001,-1.363427858302998E-001,
4.897488644030473E+010,-1.885237073389645E-001,-1.083406470094450E-001,-1.885237073389645E-001,-1.083406470094450E-001,
5.000000000000000E+010,-2.047998169407067E-001,-7.826748576542018E-002,-2.047998169407067E-001,-7.826748576542018E-002,
