% Version 1.00
%
%freq[Hz],re:Trc1_S11,im:Trc1_S11,re:Trc2_S11,im:Trc2_S11,
1.000000000000000E+008,9.997353966242474E-001,7.467376786613819E-004,9.997353966242474E-001,7.467376786613819E-004,
1.020931412693436E+008,9.997062939331174E-001,8.498498894225321E-004,9.997062939331174E-001,8.498498894225321E-004,
1.042300949424215E+008,9.996710583119279E-001,7.334023607768685E-004,9.996710583119279E-001,7.334023607768685E-004,
1.064117780747374E+008,9.997539196638723E-001,1.060540477014800E-003,9.997539196638723E-001,1.060540477014800E-003,
1.086391269170620E+008,9.998077593297966E-001,9.590861224205413E-004,9.998077593297966E-001,9.590861224205413E-004,
1.109130973172177E+008,9.997813817689916E-001,9.039002547151677E-004,9.997813817689916E-001,9.039002547151677E-004,
1.132346651302716E+008,9.997620384228879E-001,8.325404201520965E-004,9.997620384228879E-001,8.325404201520965E-004,
1.156048266373163E+008,9.996018025408682E-001,8.127620012575254E-004,9.996018025408682E-001,8.127620012575254E-004,
1.180245989730151E+008,9.997035917970295E-001,9.412856044610522E-004,9.997035917970295E-001,9.412856044610522E-004,
1.204950205620966E+008,9.996458894944841E-001,9.277009636944887E-004,9.996458894944841E-001,9.277009636944887E-004,
1.230171515649859E+008,9.996652653404128E-001,1.003216665807902E-003,9.996652653404128E-001,1.003216665807902E-003,
1.255920743327636E+008,9.997277295143654E-001,9.722159266687611E-004,9.997277295143654E-001,9.722159266687611E-004,
1.282208938716474E+008,9.997106931636126E-001,9.468800694142234E-004,9.997106931636126E-001,9.468800694142234E-004,
1.309047383171961E+008,9.999526215583034E-001,1.126969465576021E-003,9.999526215583034E-001,1.126969465576021E-003,
1.336447594184396E+008,9.999108000708837E-001,1.061375169587471E-003,9.999108000708837E-001,1.061375169587471E-003,
1.364421330321420E+008,9.999558294302846E-001,9.492034446930432E-004,9.999558294302846E-001,9.492034446930432E-004,
1.392980596274105E+008,9.999650099639217E-001,1.131245908989999E-003,9.999650099639217E-001,1.131245908989999E-003,
1.422137648008667E+008,9.998536498845312E-001,1.174929297728863E-003,9.998536498845312E-001,1.174929297728863E-003,
1.451904998026009E+008,9.997965645910490E-001,1.143354746452342E-003,9.997965645910490E-001,1.143354746452342E-003,
1.482295420731354E+008,9.999068139540981E-001,1.329967325154311E-003,9.999068139540981E-001,1.329967325154311E-003,
1.513321957916272E+008,9.999602093286921E-001,1.480966217747399E-003,9.999602093286921E-001,1.480966217747399E-003,
1.544997924355456E+008,9.999204745212801E-001,1.287953152302396E-003,9.999204745212801E-001,1.287953152302396E-003,
1.577336913520643E+008,9.998794993239579E-001,1.221728454829596E-003,9.998794993239579E-001,1.221728454829596E-003,
1.610352803414134E+008,9.998172468992006E-001,1.384714357449851E-003,9.998172468992006E-001,1.384714357449851E-003,
1.644059762524427E+008,9.998047424338539E-001,1.410338293711959E-003,9.998047424338539E-001,1.410338293711959E-003,
1.678472255906498E+008,9.998666229440774E-001,1.450790255373841E-003,9.998666229440774E-001,1.450790255373841E-003,
1.713605051389360E+008,9.998710582147337E-001,1.479834272985937E-003,9.998710582147337E-001,1.479834272985937E-003,
1.749473225913547E+008,9.997849857024219E-001,1.419377391586693E-003,9.997849857024219E-001,1.419377391586693E-003,
1.786092172001261E+008,9.998097242535942E-001,1.507754669707226E-003,9.998097242535942E-001,1.507754669707226E-003,
1.823477604361935E+008,9.999546260709297E-001,1.582908983723260E-003,9.999546260709297E-001,1.582908983723260E-003,
1.861645566636073E+008,9.998683603095777E-001,1.710817279728881E-003,9.998683603095777E-001,1.710817279728881E-003,
1.900612438280239E+008,9.998036153778297E-001,1.737971398333047E-003,9.998036153778297E-001,1.737971398333047E-003,
1.940394941596160E+008,9.997771535513055E-001,1.907228196659522E-003,9.997771535513055E-001,1.907228196659522E-003,
1.981010148906965E+008,9.998461297493846E-001,1.926903637457707E-003,9.998461297493846E-001,1.926903637457707E-003,
2.022475489883622E+008,9.997265740426615E-001,1.922459199635406E-003,9.997265740426615E-001,1.922459199635406E-003,
2.064808759024735E+008,9.998488510104533E-001,1.976209827281835E-003,9.998488510104533E-001,1.976209827281835E-003,
2.108028123292904E+008,9.998663823776575E-001,1.861908826889972E-003,9.998663823776575E-001,1.861908826889972E-003,
2.152152129910917E+008,9.997258341295487E-001,2.095917039326069E-003,9.997258341295487E-001,2.095917039326069E-003,
2.197199714321140E+008,9.997502353067413E-001,2.080798951056975E-003,9.997502353067413E-001,2.080798951056975E-003,
2.243190208311496E+008,9.997914145363411E-001,2.230476473692916E-003,9.997914145363411E-001,2.230476473692916E-003,
2.290143348311539E+008,9.997953066811460E-001,2.228621813030430E-003,9.997953066811460E-001,2.228621813030430E-003,
2.338079283862175E+008,9.998273505215370E-001,2.344663033670033E-003,9.998273505215370E-001,2.344663033670033E-003,
2.387018586262668E+008,9.998180434577848E-001,2.152362571378325E-003,9.998180434577848E-001,2.152362571378325E-003,
2.436982257398635E+008,9.998688256214866E-001,2.313997171351000E-003,9.998688256214866E-001,2.313997171351000E-003,
2.487991738754827E+008,9.997954771958555E-001,2.304527577472312E-003,9.997954771958555E-001,2.304527577472312E-003,
2.540068920616564E+008,9.997498952042218E-001,2.330336540998921E-003,9.997498952042218E-001,2.330336540998921E-003,
2.593236151463760E+008,9.997724510169290E-001,2.145024613586296E-003,9.997724510169290E-001,2.145024613586296E-003,
2.647516247561587E+008,9.997393278937692E-001,2.421362270438846E-003,9.997393278937692E-001,2.421362270438846E-003,
2.702932502751876E+008,9.997396863939442E-001,2.205455899830885E-003,9.997396863939442E-001,2.205455899830885E-003,
2.759508698449477E+008,9.997447303027400E-001,2.423373184704493E-003,9.997447303027400E-001,2.423373184704493E-003,
2.817269113847850E+008,9.997758870269570E-001,2.320228286979283E-003,9.997758870269570E-001,2.320228286979283E-003,
2.876238536338270E+008,9.998186207211424E-001,2.269232050012321E-003,9.998186207211424E-001,2.269232050012321E-003,
2.936442272147132E+008,9.997960409658643E-001,2.528219568041615E-003,9.997960409658643E-001,2.528219568041615E-003,
2.997906157195895E+008,9.998377596820336E-001,2.490310241763330E-003,9.998377596820336E-001,2.490310241763330E-003,
3.060656568188355E+008,9.998027287180760E-001,2.640716362697370E-003,9.998027287180760E-001,2.640716362697370E-003,
3.124720433929982E+008,9.998496823456989E-001,2.578928078841045E-003,9.998496823456989E-001,2.578928078841045E-003,
3.190125246884183E+008,9.997989203688518E-001,2.644812332694836E-003,9.997989203688518E-001,2.644812332694836E-003,
3.256899074970465E+008,9.998864288634062E-001,2.651095502909254E-003,9.998864288634062E-001,2.651095502909254E-003,
3.325070573609542E+008,9.998563488002523E-001,2.912628737837671E-003,9.998563488002523E-001,2.912628737837671E-003,
3.394668998020564E+008,9.998505955254011E-001,2.853810862311536E-003,9.998505955254011E-001,2.853810862311536E-003,
3.465724215775746E+008,9.998263408795002E-001,2.971534168503748E-003,9.998263408795002E-001,2.971534168503748E-003,
3.538266719617783E+008,9.997749886526071E-001,3.029856371435060E-003,9.997749886526071E-001,3.029856371435060E-003,
3.612327640545553E+008,9.997992521077210E-001,3.147578803082679E-003,9.997992521077210E-001,3.147578803082679E-003,
3.687938761173719E+008,9.997341324316766E-001,3.220377392157574E-003,9.997341324316766E-001,3.220377392157574E-003,
3.765132529371966E+008,9.997146392449788E-001,3.351926016558839E-003,9.997146392449788E-001,3.351926016558839E-003,
3.843942072189731E+008,9.997383793619721E-001,3.478883627507240E-003,9.997383793619721E-001,3.478883627507240E-003,
3.924401210072396E+008,9.996904628066450E-001,3.428707081181683E-003,9.996904628066450E-001,3.428707081181683E-003,
4.006544471375042E+008,9.996407276597705E-001,3.638662275225315E-003,9.996407276597705E-001,3.638662275225315E-003,
4.090407107179998E+008,9.995953982659236E-001,3.681388498297255E-003,9.995953982659236E-001,3.681388498297255E-003,
4.176025106424546E+008,9.995716219676880E-001,3.615907726137968E-003,9.995716219676880E-001,3.615907726137968E-003,
4.263435211345269E+008,9.995743420475558E-001,3.602271317649389E-003,9.995743420475558E-001,3.602271317649389E-003,
4.352674933245664E+008,9.995796893175961E-001,3.756213995536931E-003,9.995796893175961E-001,3.756213995536931E-003,
4.443782568593804E+008,9.995336218888575E-001,3.777524736859033E-003,9.995336218888575E-001,3.777524736859033E-003,
4.536797215456938E+008,9.994489498157443E-001,3.843156645951400E-003,9.994489498157443E-001,3.843156645951400E-003,
4.631758790280099E+008,9.994778623145185E-001,3.943310394485879E-003,9.994778623145185E-001,3.943310394485879E-003,
4.728708045015902E+008,9.994712702118876E-001,3.962063257307772E-003,9.994712702118876E-001,3.962063257307772E-003,
4.827686584612901E+008,9.994054589893263E-001,3.977310415850117E-003,9.994054589893263E-001,3.977310415850117E-003,
4.928736884869999E+008,9.994409755799819E-001,4.075656850320973E-003,9.994409755799819E-001,4.075656850320973E-003,
5.031902310664573E+008,9.995724234406082E-001,4.215344070130106E-003,9.995724234406082E-001,4.215344070130106E-003,
5.137227134562149E+008,9.996718792437307E-001,4.326209231801039E-003,9.996718792437307E-001,4.326209231801039E-003,
5.244756555815587E+008,9.996850502051717E-001,4.412327994002955E-003,9.996850502051717E-001,4.412327994002955E-003,
5.354536719761968E+008,9.996769137349113E-001,4.562853155081570E-003,9.996769137349113E-001,4.562853155081570E-003,
5.466614737625463E+008,9.996028068659609E-001,4.668269928336516E-003,9.996028068659609E-001,4.668269928336516E-003,
5.581038706734722E+008,9.995393567738558E-001,4.768656683649209E-003,9.995393567738558E-001,4.768656683649209E-003,
5.697857731163427E+008,9.994562286996633E-001,4.885788278123071E-003,9.994562286996633E-001,4.885788278123071E-003,
5.817121942802894E+008,9.994891938322407E-001,4.996907863532530E-003,9.994891938322407E-001,4.996907863532530E-003,
5.938882522875744E+008,9.995067131945951E-001,5.017736474131049E-003,9.995067131945951E-001,5.017736474131049E-003,
6.063191723899891E+008,9.995049767761877E-001,5.316792588776551E-003,9.995049767761877E-001,5.316792588776551E-003,
6.190102892112266E+008,9.993625040249911E-001,5.465343287527714E-003,9.993625040249911E-001,5.465343287527714E-003,
6.319670490361900E+008,9.992506588876610E-001,5.552308407653387E-003,9.992506588876610E-001,5.552308407653387E-003,
6.451950121482195E+008,9.991773105573442E-001,5.509137416679471E-003,9.991773105573442E-001,5.509137416679471E-003,
6.586998552152404E+008,9.992332727584536E-001,5.330323997719821E-003,9.992332727584536E-001,5.330323997719821E-003,
6.724873737258571E+008,9.993618660346400E-001,5.577367242846028E-003,9.993618660346400E-001,5.577367242846028E-003,
6.865634844764381E+008,9.993703725026732E-001,5.855268020090043E-003,9.993703725026732E-001,5.855268020090043E-003,
7.009342281102579E+008,9.993764595025867E-001,6.049967086987660E-003,9.993764595025867E-001,6.049967086987660E-003,
7.156057717097888E+008,9.993646266461247E-001,6.192080551061157E-003,9.993646266461247E-001,6.192080551061157E-003,
7.305844114432513E+008,9.992855878122867E-001,6.153216076561327E-003,9.992855878122867E-001,6.153216076561327E-003,
7.458765752665610E+008,9.994586067662180E-001,6.257164484362886E-003,9.994586067662180E-001,6.257164484362886E-003,
7.614888256818322E+008,9.994035455303211E-001,6.476935281895952E-003,9.994035455303211E-001,6.476935281895952E-003,
7.774278625536187E+008,9.992323136785202E-001,6.953872867771096E-003,9.992323136785202E-001,6.953872867771096E-003,
7.937005259841044E+008,9.990084053788587E-001,6.978548985738299E-003,9.990084053788587E-001,6.978548985738299E-003,
8.103137992484750E+008,9.988685913244334E-001,6.872974917518661E-003,9.988685913244334E-001,6.872974917518661E-003,
8.272748117917309E+008,9.989681047857493E-001,6.862239345366513E-003,9.989681047857493E-001,6.862239345366513E-003,
8.445908422882283E+008,9.990658420036809E-001,6.939040171443692E-003,9.990658420036809E-001,6.939040171443692E-003,
8.622693217652600E+008,9.989836058903634E-001,7.301548638856200E-003,9.989836058903634E-001,7.301548638856200E-003,
8.803178367920179E+008,9.989184751660521E-001,7.493809626926606E-003,9.989184751660521E-001,7.493809626926606E-003,
8.987441327353046E+008,9.991826165341106E-001,7.739035906322930E-003,9.991826165341106E-001,7.739035906322930E-003,
9.175561170833916E+008,9.992954787775812E-001,8.098839212795844E-003,9.992954787775812E-001,8.098839212795844E-003,
9.367618628394508E+008,9.989504928381690E-001,8.511696319812283E-003,9.989504928381690E-001,8.511696319812283E-003,
9.563696119860154E+008,9.985892692307747E-001,8.473061502120172E-003,9.985892692307747E-001,8.473061502120172E-003,
9.763877790219561E+008,9.985828243388480E-001,8.396196139591295E-003,9.985828243388480E-001,8.396196139591295E-003,
9.968249545734922E+008,9.986499741541141E-001,8.426628367378085E-003,9.986499741541141E-001,8.426628367378085E-003,
1.017689909080786E+009,9.983874403151947E-001,8.728385050789831E-003,9.983874403151947E-001,8.728385050789831E-003,
1.038991596561701E+009,9.981790558301211E-001,8.514912585924598E-003,9.981790558301211E-001,8.514912585924598E-003,
1.060739158454346E+009,9.988382944621818E-001,8.676154382391114E-003,9.988382944621818E-001,8.676154382391114E-003,
1.082941927540042E+009,9.988511423432637E-001,9.422222786784326E-003,9.988511423432637E-001,9.422222786784326E-003,
1.105609431948408E+009,9.984186029105511E-001,9.931904604280027E-003,9.984186029105511E-001,9.931904604280027E-003,
1.128751399246275E+009,9.980772498018380E-001,9.796432265166102E-003,9.980772498018380E-001,9.796432265166102E-003,
1.152377760612193E+009,9.981316591074594E-001,9.906926374678941E-003,9.981316591074594E-001,9.906926374678941E-003,
1.176498655098304E+009,9.977741169861043E-001,1.004123909558993E-002,9.977741169861043E-001,1.004123909558993E-002,
1.201124433981439E+009,9.975438433325536E-001,9.713676258780135E-003,9.975438433325536E-001,9.713676258780135E-003,
1.226265665205275E+009,9.983340262045255E-001,1.003065936927832E-002,9.983340262045255E-001,1.003065936927832E-002,
1.251933137915478E+009,9.979977605506197E-001,1.091220035656536E-002,9.979977605506197E-001,1.091220035656536E-002,
1.278137867089775E+009,9.975654095697910E-001,1.129059302138243E-002,9.975654095697910E-001,1.129059302138243E-002,
1.304891098264939E+009,9.975116966644346E-001,1.161616356035291E-002,9.975116966644346E-001,1.161616356035291E-002,
1.332204312362714E+009,9.969207678453483E-001,1.197153578695888E-002,9.969207678453483E-001,1.197153578695888E-002,
1.360089230616753E+009,9.964322539632404E-001,1.129761979745268E-002,9.964322539632404E-001,1.129761979745268E-002,
1.388557819602690E+009,9.975263286775161E-001,1.148546485673503E-002,9.975263286775161E-001,1.148546485673503E-002,
1.417622296373492E+009,9.971364635958581E-001,1.214569133652446E-002,9.971364635958581E-001,1.214569133652446E-002,
1.447295133702302E+009,9.969696451654403E-001,1.236765764904640E-002,9.969696451654403E-001,1.236765764904640E-002,
1.477589065435027E+009,9.968898934732017E-001,1.332675961893150E-002,9.968898934732017E-001,1.332675961893150E-002,
1.508517091954956E+009,9.958633340217773E-001,1.333962846125143E-002,9.958633340217773E-001,1.333962846125143E-002,
1.540092485761767E+009,9.961568789974338E-001,1.263023099104237E-002,9.961568789974338E-001,1.263023099104237E-002,
1.572328797167307E+009,9.962488354406223E-001,1.319573992953880E-002,9.962488354406223E-001,1.319573992953880E-002,
1.605239860110590E+009,9.964625826703866E-001,1.312267295493999E-002,9.964625826703866E-001,1.312267295493999E-002,
1.638839798094518E+009,9.963156129797535E-001,1.429571982597826E-002,9.963156129797535E-001,1.429571982597826E-002,
1.673143030246862E+009,9.952184846591066E-001,1.440030384756243E-002,9.952184846591066E-001,1.440030384756243E-002,
1.708164277508106E+009,9.955033719877259E-001,1.436517775261825E-002,9.955033719877259E-001,1.436517775261825E-002,
1.743918568948813E+009,9.949384051775224E-001,1.435320871688114E-002,9.949384051775224E-001,1.435320871688114E-002,
1.780421248219227E+009,9.960429627387806E-001,1.462718597151448E-002,9.960429627387806E-001,1.462718597151448E-002,
1.817687980133866E+009,9.950685379474552E-001,1.572495884872194E-002,9.950685379474552E-001,1.572495884872194E-002,
1.855734757393946E+009,9.947328392588253E-001,1.584710726768353E-002,9.947328392588253E-001,1.584710726768353E-002,
1.894577907450513E+009,9.937372131638941E-001,1.619553196724888E-002,9.937372131638941E-001,1.619553196724888E-002,
1.934234099511226E+009,9.946000169179663E-001,1.525898804243521E-002,9.946000169179663E-001,1.525898804243521E-002,
1.974720351693812E+009,9.944650890413473E-001,1.664966467362114E-002,9.944650890413473E-001,1.664966467362114E-002,
2.016054038329243E+009,9.947175787518673E-001,1.688444434776028E-002,9.947175787518673E-001,1.688444434776028E-002,
2.058252897417781E+009,9.933687054038469E-001,1.751454235290557E-002,9.933687054038469E-001,1.751454235290557E-002,
2.101335038241093E+009,9.936071091837334E-001,1.690908384503457E-002,9.936071091837334E-001,1.690908384503457E-002,
2.145318949133695E+009,9.928947094579463E-001,1.724608541307766E-002,9.928947094579463E-001,1.724608541307766E-002,
2.190223505417061E+009,9.933914729468196E-001,1.820385856315931E-002,9.933914729468196E-001,1.820385856315931E-002,
2.236067977499810E+009,9.919981339731886E-001,1.839275135181338E-002,9.919981339731886E-001,1.839275135181338E-002,
2.282872039147435E+009,9.919637960669225E-001,1.857986752629757E-002,9.919637960669225E-001,1.857986752629757E-002,
2.330655775925136E+009,9.923494393641216E-001,1.851069489835921E-002,9.923494393641216E-001,1.851069489835921E-002,
2.379439693817366E+009,9.916628603854861E-001,1.953292405284455E-002,9.916628603854861E-001,1.953292405284455E-002,
2.429244728027800E+009,9.913133180543373E-001,2.014883631502630E-002,9.913133180543373E-001,2.014883631502630E-002,
2.480092251963504E+009,9.907666394851588E-001,1.940943974204552E-002,9.907666394851588E-001,1.940943974204552E-002,
2.532004086407146E+009,9.910384863696914E-001,2.022065163530095E-002,9.910384863696914E-001,2.022065163530095E-002,
2.585002508881200E+009,9.907703443721885E-001,2.120060701464999E-002,9.907703443721885E-001,2.120060701464999E-002,
2.639110263208160E+009,9.898703606112814E-001,2.046984757754049E-002,9.898703606112814E-001,2.046984757754049E-002,
2.694350569270853E+009,9.901032662234131E-001,2.075166694956624E-002,9.901032662234131E-001,2.075166694956624E-002,
2.750747132977056E+009,9.898397854841409E-001,2.231000815890976E-002,9.898397854841409E-001,2.231000815890976E-002,
2.808324156432685E+009,9.894049000338571E-001,2.194492373057549E-002,9.894049000338571E-001,2.194492373057549E-002,
2.867106348327923E+009,9.890948652527866E-001,2.171826594486566E-002,9.890948652527866E-001,2.171826594486566E-002,
2.927118934540746E+009,9.888615746786874E-001,2.316438493909751E-002,9.888615746786874E-001,2.316438493909751E-002,
2.988387668962389E+009,9.883622588000294E-001,2.306057331587960E-002,9.883622588000294E-001,2.306057331587960E-002,
3.050938844549417E+009,9.884493245656869E-001,2.319414187715106E-002,9.884493245656869E-001,2.319414187715106E-002,
3.114799304607116E+009,9.877190895189691E-001,2.404961742545873E-002,9.877190895189691E-001,2.404961742545873E-002,
3.179996454309075E+009,9.870919100416489E-001,2.346651786832313E-002,9.870919100416489E-001,2.346651786832313E-002,
3.246558272457882E+009,9.872550492900830E-001,2.472879155143964E-002,9.872550492900830E-001,2.472879155143964E-002,
3.314513323491987E+009,9.863168223908984E-001,2.551522614362810E-002,9.863168223908984E-001,2.551522614362810E-002,
3.383890769743891E+009,9.867186132334302E-001,2.509332427584444E-002,9.867186132334302E-001,2.509332427584444E-002,
3.454720383954909E+009,9.861567337770909E-001,2.667626913392101E-002,9.861567337770909E-001,2.667626913392101E-002,
3.527032562051896E+009,9.851804880263017E-001,2.616094244352683E-002,9.851804880263017E-001,2.616094244352683E-002,
3.600858336191391E+009,9.857454347321376E-001,2.607203319579501E-002,9.857454347321376E-001,2.607203319579501E-002,
3.676229388076813E+009,9.841476872614103E-001,2.717339571797663E-002,9.841476872614103E-001,2.717339571797663E-002,
3.753178062554387E+009,9.848788629086075E-001,2.580965090431172E-002,9.848788629086075E-001,2.580965090431172E-002,
3.831737381493663E+009,9.842365055621986E-001,2.808885308353899E-002,9.842365055621986E-001,2.808885308353899E-002,
3.911941057958573E+009,9.833104795954464E-001,2.657681690510284E-002,9.833104795954464E-001,2.657681690510284E-002,
3.993823510675101E+009,9.843141262844797E-001,2.875868950537304E-002,9.843141262844797E-001,2.875868950537304E-002,
4.077419878801790E+009,9.822098211284432E-001,2.756666453417826E-002,9.822098211284432E-001,2.756666453417826E-002,
4.162766037009410E+009,9.833867876735055E-001,2.861786029240512E-002,9.833867876735055E-001,2.861786029240512E-002,
4.249898610876274E+009,9.808460412473566E-001,2.871076667289224E-002,9.808460412473566E-001,2.871076667289224E-002,
4.338854992605786E+009,9.827299062931512E-001,2.927736155744896E-002,9.827299062931512E-001,2.927736155744896E-002,
4.429673357072994E+009,9.794762070121440E-001,2.924160174421078E-002,9.794762070121440E-001,2.924160174421078E-002,
4.522392678207007E+009,9.820533953248943E-001,2.932801903610469E-002,9.820533953248943E-001,2.932801903610469E-002,
4.617052745716332E+009,9.805088368766617E-001,2.957303352889143E-002,9.805088368766617E-001,2.957303352889143E-002,
4.713694182164284E+009,9.818530883686237E-001,3.024265684010926E-002,9.818530883686237E-001,3.024265684010926E-002,
4.812358460401814E+009,9.803178701277553E-001,2.971928278154114E-002,9.803178701277553E-001,2.971928278154114E-002,
4.913087921365233E+009,9.809609567498157E-001,2.998841196935454E-002,9.809609567498157E-001,2.998841196935454E-002,
5.015925792246465E+009,9.804421382168531E-001,2.921041290261363E-002,9.804421382168531E-001,2.921041290261363E-002,
5.120916205043626E+009,9.804996180997784E-001,3.070899275604665E-002,9.804996180997784E-001,3.070899275604665E-002,
5.228104215499899E+009,9.806862128752151E-001,2.982863896472316E-002,9.806862128752151E-001,2.982863896472316E-002,
5.337535822438821E+009,9.801722989396579E-001,3.012919067335454E-002,9.801722989396579E-001,3.012919067335454E-002,
5.449257987504287E+009,9.806508907916635E-001,3.052515709737272E-002,9.806508907916635E-001,3.052515709737272E-002,
5.563318655313743E+009,9.814601832190234E-001,2.939903994342687E-002,9.814601832190234E-001,2.939903994342687E-002,
5.679766774033207E+009,9.794846401842799E-001,3.059886289606496E-002,9.794846401842799E-001,3.059886289606496E-002,
5.798652316382962E+009,9.812959605368073E-001,3.133313863827018E-002,9.812959605368073E-001,3.133313863827018E-002,
5.920026301082923E+009,9.811760653870942E-001,2.929114373074952E-002,9.811760653870942E-001,2.929114373074952E-002,
6.043940814746885E+009,9.795911572794727E-001,3.082999882145525E-002,9.795911572794727E-001,3.082999882145525E-002,
6.170449034235055E+009,9.806913254791299E-001,3.162406160141645E-002,9.806913254791299E-001,3.162406160141645E-002,
6.299605249474443E+009,9.811172512491239E-001,2.949925654937956E-002,9.811172512491239E-001,2.949925654937956E-002,
6.431464886756929E+009,9.804256369385849E-001,3.011539776056201E-002,9.804256369385849E-001,3.011539776056201E-002,
6.566084532524983E+009,9.815987313299643E-001,3.052679516923218E-002,9.815987313299643E-001,3.052679516923218E-002,
6.703521957655251E+009,9.828720260042907E-001,2.995156274280125E-002,9.828720260042907E-001,2.995156274280125E-002,
6.843836142250444E+009,9.827407765599074E-001,2.823872562772725E-002,9.827407765599074E-001,2.823872562772725E-002,
6.987087300950141E+009,9.830182994015806E-001,2.795008246958410E-002,9.830182994015806E-001,2.795008246958410E-002,
7.133336908771395E+009,9.836560522809292E-001,2.853917768831121E-002,9.836560522809292E-001,2.853917768831121E-002,
7.282647727490209E+009,9.839484405259833E-001,2.864967679167220E-002,9.839484405259833E-001,2.864967679167220E-002,
7.435083832575221E+009,9.848067748383598E-001,2.832721912186633E-002,9.848067748383598E-001,2.832721912186633E-002,
7.590710640685147E+009,9.856987845512284E-001,2.774218839771738E-002,9.856987845512284E-001,2.774218839771738E-002,
7.749594937741785E+009,9.866389468901019E-001,2.814137712752211E-002,9.866389468901019E-001,2.814137712752211E-002,
7.911804907590622E+009,9.872301665468883E-001,2.694058603508142E-002,9.872301665468883E-001,2.694058603508142E-002,
8.077410161261354E+009,9.872429792660000E-001,2.647039455680455E-002,9.872429792660000E-001,2.647039455680455E-002,
8.246481766840870E+009,9.879245838048858E-001,2.634657378470647E-002,9.879245838048858E-001,2.634657378470647E-002,
8.419092279971513E+009,9.881187445914298E-001,2.611232031510410E-002,9.881187445914298E-001,2.611232031510410E-002,
8.595315774987719E+009,9.887562640556696E-001,2.594974007516614E-002,9.887562640556696E-001,2.594974007516614E-002,
8.775227876704388E+009,9.897603480285686E-001,2.549743457722510E-002,9.897603480285686E-001,2.549743457722510E-002,
8.958905792870632E+009,9.907666549354252E-001,2.512349933051391E-002,9.907666549354252E-001,2.512349933051391E-002,
9.146428347302822E+009,9.917763066343586E-001,2.561105997506833E-002,9.917763066343586E-001,2.561105997506833E-002,
9.337876013711161E+009,9.923938405363351E-001,2.325854221879423E-002,9.923938405363351E-001,2.325854221879423E-002,
9.533330950234287E+009,9.932495337504186E-001,2.404622622109538E-002,9.932495337504186E-001,2.404622622109538E-002,
9.732877034696749E+009,9.937436232573309E-001,2.406233069609999E-002,9.937436232573309E-001,2.406233069609999E-002,
9.936599900604454E+009,9.937624881361559E-001,2.390686786225972E-002,9.937624881361559E-001,2.390686786225972E-002,
1.014458697389356E+010,9.934967091653097E-001,2.377450603996874E-002,9.934967091653097E-001,2.377450603996874E-002,
1.035692751044859E+010,9.928175246771108E-001,2.382330425448264E-002,9.928175246771108E-001,2.382330425448264E-002,
1.057371263440579E+010,9.923031714852501E-001,2.394387091304701E-002,9.923031714852501E-001,2.394387091304701E-002,
1.079503537725833E+010,9.921808403292244E-001,2.459189622337909E-002,9.921808403292244E-001,2.459189622337909E-002,
1.102099071777997E+010,9.915932201377082E-001,2.530027383168412E-002,9.915932201377082E-001,2.530027383168412E-002,
1.125167562278435E+010,9.902163763859073E-001,2.595427735861504E-002,9.902163763859073E-001,2.595427735861504E-002,
1.148718908873753E+010,9.886192811852461E-001,2.627095983815202E-002,9.886192811852461E-001,2.627095983815202E-002,
1.172763218424143E+010,9.871614348306900E-001,2.825984971171645E-002,9.871614348306900E-001,2.825984971171645E-002,
1.197310809340661E+010,9.844741614589851E-001,2.856667060382550E-002,9.844741614589851E-001,2.856667060382550E-002,
1.222372216013282E+010,9.827282887975567E-001,2.987253603449713E-002,9.827282887975567E-001,2.987253603449713E-002,
1.247958193331646E+010,9.794545878803684E-001,3.194061608505425E-002,9.794545878803684E-001,3.194061608505425E-002,
1.274079721300426E+010,9.772483792416116E-001,3.034331263178729E-002,9.772483792416116E-001,3.034331263178729E-002,
1.300748009751303E+010,9.741535091567213E-001,3.363665747748130E-002,9.741535091567213E-001,3.363665747748130E-002,
1.327974503153573E+010,9.707319822157798E-001,3.509796087579164E-002,9.707319822157798E-001,3.509796087579164E-002,
1.355770885525442E+010,9.671273189315728E-001,3.700462045421905E-002,9.671273189315728E-001,3.700462045421905E-002,
1.384149085448120E+010,9.643621755302284E-001,3.976682967841750E-002,9.643621755302284E-001,3.976682967841750E-002,
1.413121281184877E+010,9.596622862387332E-001,4.114764001318987E-002,9.596622862387332E-001,4.114764001318987E-002,
1.442699905907235E+010,9.563470155302830E-001,4.550913629022695E-002,9.563470155302830E-001,4.550913629022695E-002,
1.472897653030561E+010,9.534293699537448E-001,4.773078748137326E-002,9.534293699537448E-001,4.773078748137326E-002,
1.503727481661337E+010,9.490371797982385E-001,5.028043797157421E-002,9.490371797982385E-001,5.028043797157421E-002,
1.535202622158452E+010,9.462875337309333E-001,5.379684036179869E-002,9.462875337309333E-001,5.379684036179869E-002,
1.567336581810895E+010,9.441111570971426E-001,5.639417342297526E-002,9.441111570971426E-001,5.639417342297526E-002,
1.600143150634299E+010,9.419623865811208E-001,5.859371731486630E-002,9.419623865811208E-001,5.859371731486630E-002,
1.633636407288800E+010,9.398292681903017E-001,6.109495722977412E-002,9.398292681903017E-001,6.109495722977412E-002,
1.667830725120785E+010,9.383913395212715E-001,6.247117562254531E-002,9.383913395212715E-001,6.247117562254531E-002,
1.702740778331081E+010,9.371671048898739E-001,6.326322831230649E-002,9.371671048898739E-001,6.326322831230649E-002,
1.738381548272271E+010,9.377522277686970E-001,6.669247390183436E-002,9.377522277686970E-001,6.669247390183436E-002,
1.774768329877812E+010,9.384935563925253E-001,6.812539366083847E-002,9.384935563925253E-001,6.812539366083847E-002,
1.811916738225725E+010,9.414712078441068E-001,6.954780607827521E-002,9.414712078441068E-001,6.954780607827521E-002,
1.849842715239673E+010,9.454279822253584E-001,6.833814758901927E-002,9.454279822253584E-001,6.833814758901927E-002,
1.888562536530301E+010,9.486172197973477E-001,7.021310372683672E-002,9.486172197973477E-001,7.021310372683672E-002,
1.928092818379779E+010,9.515279676323636E-001,7.069126370685647E-002,9.515279676323636E-001,7.069126370685647E-002,
1.968450524872536E+010,9.552728811541008E-001,6.897604657855466E-002,9.552728811541008E-001,6.897604657855466E-002,
2.009652975175254E+010,9.602914505380213E-001,6.302546049411645E-002,9.602914505380213E-001,6.302546049411645E-002,
2.051717850969239E+010,9.659897029870421E-001,6.037650119156374E-002,9.659897029870421E-001,6.037650119156374E-002,
2.094663204038366E+010,9.686643103476685E-001,5.601587599159171E-002,9.686643103476685E-001,5.601587599159171E-002,
2.138507464015848E+010,9.734509666972195E-001,5.144191556477199E-002,9.734509666972195E-001,5.144191556477199E-002,
2.183269446293157E+010,9.745784945985174E-001,4.503406668571681E-002,9.745784945985174E-001,4.503406668571681E-002,
2.228968360094489E+010,9.757028053824306E-001,3.662709300339845E-002,9.757028053824306E-001,3.662709300339845E-002,
2.275623816720238E+010,9.746586582879935E-001,3.059602056591555E-002,9.746586582879935E-001,3.059602056591555E-002,
2.323255837963022E+010,9.721352806362550E-001,2.243229925937903E-002,9.721352806362550E-001,2.243229925937903E-002,
2.371884864699861E+010,9.663306042880024E-001,1.185812712245936E-002,9.663306042880024E-001,1.185812712245936E-002,
2.421531765664209E+010,9.580012228638977E-001,1.430514607687398E-003,9.580012228638977E-001,1.430514607687398E-003,
2.472217846401591E+010,9.496261008767013E-001,-4.210767720622133E-003,9.496261008767013E-001,-4.210767720622133E-003,
2.523964858412701E+010,9.375758464148558E-001,-1.322100054268604E-002,9.375758464148558E-001,-1.322100054268604E-002,
2.576795008487867E+010,9.256454465970707E-001,-1.893931550450216E-002,9.256454465970707E-001,-1.893931550450216E-002,
2.630730968236913E+010,9.146064355677850E-001,-2.070696017177433E-002,9.146064355677850E-001,-2.070696017177433E-002,
2.685795883818483E+010,9.035952109794554E-001,-2.897686097267195E-002,9.035952109794554E-001,-2.897686097267195E-002,
2.742013385873019E+010,8.929804284227835E-001,-3.667294481390084E-002,8.929804284227835E-001,-3.667294481390084E-002,
2.799407599663654E+010,8.873987080179822E-001,-3.942403574005224E-002,8.873987080179822E-001,-3.942403574005224E-002,
2.858003155429355E+010,8.830432853315388E-001,-3.873706704295214E-002,8.830432853315388E-001,-3.873706704295214E-002,
2.917825198954789E+010,8.774586124900059E-001,-4.637112336759093E-002,8.774586124900059E-001,-4.637112336759093E-002,
2.978899402361419E+010,8.810116893322476E-001,-5.125566676435627E-002,8.810116893322476E-001,-5.125566676435627E-002,
3.041251975124476E+010,8.864517845929587E-001,-4.687868102216257E-002,8.864517845929587E-001,-4.687868102216257E-002,
3.104909675320535E+010,8.945421704797441E-001,-4.740823873950587E-002,8.945421704797441E-001,-4.740823873950587E-002,
3.169899821110511E+010,9.043711664165635E-001,-4.888046827678988E-002,9.043711664165635E-001,-4.888046827678988E-002,
3.236250302463025E+010,9.201218751350702E-001,-5.000214388815058E-002,9.201218751350702E-001,-5.000214388815058E-002,
3.303989593123136E+010,9.323672467277649E-001,-4.706596835314411E-002,9.323672467277649E-001,-4.706596835314411E-002,
3.373146762831615E+010,9.451294708462515E-001,-4.562762894543566E-002,9.451294708462515E-001,-4.562762894543566E-002,
3.443751489799971E+010,9.539323627384245E-001,-3.613259033738907E-002,9.539323627384245E-001,-3.613259033738907E-002,
3.515834073446610E+010,9.621927622195182E-001,-3.455252471688628E-002,9.621927622195182E-001,-3.455252471688628E-002,
3.589425447399565E+010,9.648644640075325E-001,-3.024794139867708E-002,9.648644640075325E-001,-3.024794139867708E-002,
3.664557192771407E+010,9.666496190921716E-001,-2.424521280505165E-002,9.666496190921716E-001,-2.424521280505165E-002,
3.741261551712006E+010,9.583015447522245E-001,-1.773507007697273E-002,9.583015447522245E-001,-1.773507007697273E-002,
3.819571441244975E+010,9.501918425042580E-001,-2.555377383982600E-002,9.501918425042580E-001,-2.555377383982600E-002,
3.899520467393736E+010,9.426948183320320E-001,-1.645204462556361E-002,9.426948183320320E-001,-1.645204462556361E-002,
3.981142939603255E+010,9.314370407936689E-001,-1.481289564280940E-002,9.314370407936689E-001,-1.481289564280940E-002,
4.064473885463650E+010,9.254116273421827E-001,-8.201531818509439E-003,9.254116273421827E-001,-8.201531818509439E-003,
4.149549065741983E+010,9.219074401634773E-001,-4.895415700021481E-003,9.219074401634773E-001,-4.895415700021481E-003,
4.236404989728691E+010,9.253395451327960E-001,-5.221962694801659E-003,9.253395451327960E-001,-5.221962694801659E-003,
4.325078930905235E+010,9.274931767271892E-001,3.061195306925913E-003,9.274931767271892E-001,3.061195306925913E-003,
4.415608942939697E+010,9.373767919228846E-001,1.220992378935828E-002,9.373767919228846E-001,1.220992378935828E-002,
4.508033876017195E+010,9.488175707904079E-001,3.205646815141719E-002,9.488175707904079E-001,3.205646815141719E-002,
4.602393393512102E+010,9.593320334386025E-001,5.703010887673259E-002,9.593320334386025E-001,5.703010887673259E-002,
4.698727989009248E+010,9.603513041397795E-001,7.688883356153857E-002,9.603513041397795E-001,7.688883356153857E-002,
4.797079003681400E+010,9.612500476869371E-001,1.081749758431978E-001,9.612500476869371E-001,1.081749758431978E-001,
4.897488644030473E+010,9.515405722947802E-001,1.311524337503005E-001,9.515405722947802E-001,1.311524337503005E-001,
5.000000000000000E+010,9.314138150083513E-001,1.632950075713837E-001,9.314138150083513E-001,1.632950075713837E-001,
