% Version 1.00
%
%freq[Hz],re:Trc1_S11,im:Trc1_S11,re:Trc2_S11,im:Trc2_S11,
1.000000000000000E+008,9.992083441911344E-001,-2.225826397781498E-002,9.992083441911344E-001,-2.225826397781498E-002,
1.020931412693436E+008,9.991501495603032E-001,-2.264246743148549E-002,9.991501495603032E-001,-2.264246743148549E-002,
1.042300949424215E+008,9.990373315745680E-001,-2.311488417308877E-002,9.990373315745680E-001,-2.311488417308877E-002,
1.064117780747374E+008,9.991428626104637E-001,-2.364645886949093E-002,9.991428626104637E-001,-2.364645886949093E-002,
1.086391269170620E+008,9.990121501850258E-001,-2.407454456060207E-002,9.990121501850258E-001,-2.407454456060207E-002,
1.109130973172177E+008,9.990429890389934E-001,-2.462647971014446E-002,9.990429890389934E-001,-2.462647971014446E-002,
1.132346651302716E+008,9.991121304524454E-001,-2.519688147299024E-002,9.991121304524454E-001,-2.519688147299024E-002,
1.156048266373163E+008,9.988211799147333E-001,-2.585725911906502E-002,9.988211799147333E-001,-2.585725911906502E-002,
1.180245989730151E+008,9.990900613912751E-001,-2.623121745836154E-002,9.990900613912751E-001,-2.623121745836154E-002,
1.204950205620966E+008,9.987876375998332E-001,-2.680954996789556E-002,9.987876375998332E-001,-2.680954996789556E-002,
1.230171515649859E+008,9.989620720419643E-001,-2.734909075376475E-002,9.989620720419643E-001,-2.734909075376475E-002,
1.255920743327636E+008,9.990637799371931E-001,-2.793443779609282E-002,9.990637799371931E-001,-2.793443779609282E-002,
1.282208938716474E+008,9.989017022637128E-001,-2.858194833522596E-002,9.989017022637128E-001,-2.858194833522596E-002,
1.309047383171961E+008,9.990492142983787E-001,-2.904896567479289E-002,9.990492142983787E-001,-2.904896567479289E-002,
1.336447594184396E+008,9.990626537319250E-001,-2.976142704515930E-002,9.990626537319250E-001,-2.976142704515930E-002,
1.364421330321420E+008,9.990254434820685E-001,-3.051320397919801E-002,9.990254434820685E-001,-3.051320397919801E-002,
1.392980596274105E+008,9.989079817452635E-001,-3.091774948760908E-002,9.989079817452635E-001,-3.091774948760908E-002,
1.422137648008667E+008,9.989568738454703E-001,-3.168691597537476E-002,9.989568738454703E-001,-3.168691597537476E-002,
1.451904998026009E+008,9.987541265164750E-001,-3.234370026149697E-002,9.987541265164750E-001,-3.234370026149697E-002,
1.482295420731354E+008,9.987725216597614E-001,-3.285544052569969E-002,9.987725216597614E-001,-3.285544052569969E-002,
1.513321957916272E+008,9.988422304127151E-001,-3.354941922165242E-002,9.988422304127151E-001,-3.354941922165242E-002,
1.544997924355456E+008,9.987529437865644E-001,-3.436569715234528E-002,9.987529437865644E-001,-3.436569715234528E-002,
1.577336913520643E+008,9.986159709910281E-001,-3.519954490563627E-002,9.986159709910281E-001,-3.519954490563627E-002,
1.610352803414134E+008,9.986028606905927E-001,-3.586244993409624E-002,9.986028606905927E-001,-3.586244993409624E-002,
1.644059762524427E+008,9.985468085264373E-001,-3.659383815041380E-002,9.985468085264373E-001,-3.659383815041380E-002,
1.678472255906498E+008,9.986105860017142E-001,-3.736098476167581E-002,9.986105860017142E-001,-3.736098476167581E-002,
1.713605051389360E+008,9.984270528915625E-001,-3.795552953833806E-002,9.984270528915625E-001,-3.795552953833806E-002,
1.749473225913547E+008,9.984584370143352E-001,-3.885419718419322E-002,9.984584370143352E-001,-3.885419718419322E-002,
1.786092172001261E+008,9.983127127610202E-001,-3.961380741737355E-002,9.983127127610202E-001,-3.961380741737355E-002,
1.823477604361935E+008,9.984482028351958E-001,-4.051143464257580E-002,9.984482028351958E-001,-4.051143464257580E-002,
1.861645566636073E+008,9.983876421092532E-001,-4.121355525098328E-002,9.983876421092532E-001,-4.121355525098328E-002,
1.900612438280239E+008,9.982674267651158E-001,-4.213457515624323E-002,9.982674267651158E-001,-4.213457515624323E-002,
1.940394941596160E+008,9.981234678256322E-001,-4.290153729835382E-002,9.981234678256322E-001,-4.290153729835382E-002,
1.981010148906965E+008,9.981714959976715E-001,-4.371038238792863E-002,9.981714959976715E-001,-4.371038238792863E-002,
2.022475489883622E+008,9.979976342198509E-001,-4.471959837771933E-002,9.979976342198509E-001,-4.471959837771933E-002,
2.064808759024735E+008,9.980421094819227E-001,-4.557002934866847E-002,9.980421094819227E-001,-4.557002934866847E-002,
2.108028123292904E+008,9.979661193836855E-001,-4.680530394824807E-002,9.979661193836855E-001,-4.680530394824807E-002,
2.152152129910917E+008,9.978669403770673E-001,-4.747572973021520E-002,9.978669403770673E-001,-4.747572973021520E-002,
2.197199714321140E+008,9.977377476792271E-001,-4.850061563289976E-002,9.977377476792271E-001,-4.850061563289976E-002,
2.243190208311496E+008,9.977320083136596E-001,-4.944630634001208E-002,9.977320083136596E-001,-4.944630634001208E-002,
2.290143348311539E+008,9.976339728363631E-001,-5.049337082778401E-002,9.976339728363631E-001,-5.049337082778401E-002,
2.338079283862175E+008,9.976198140819967E-001,-5.150793025743200E-002,9.976198140819967E-001,-5.150793025743200E-002,
2.387018586262668E+008,9.974316310021123E-001,-5.287207011329143E-002,9.974316310021123E-001,-5.287207011329143E-002,
2.436982257398635E+008,9.974765642947354E-001,-5.387864993603202E-002,9.974765642947354E-001,-5.387864993603202E-002,
2.487991738754827E+008,9.972964306669502E-001,-5.506532843187119E-002,9.972964306669502E-001,-5.506532843187119E-002,
2.540068920616564E+008,9.971102971348966E-001,-5.620311178244923E-002,9.971102971348966E-001,-5.620311178244923E-002,
2.593236151463760E+008,9.970608553812719E-001,-5.759844283305617E-002,9.970608553812719E-001,-5.759844283305617E-002,
2.647516247561587E+008,9.968475242633687E-001,-5.862880419061294E-002,9.968475242633687E-001,-5.862880419061294E-002,
2.702932502751876E+008,9.967937957104788E-001,-6.010073861272643E-002,9.967937957104788E-001,-6.010073861272643E-002,
2.759508698449477E+008,9.966807037880521E-001,-6.123803462776275E-002,9.966807037880521E-001,-6.123803462776275E-002,
2.817269113847850E+008,9.965597408969928E-001,-6.263792517090179E-002,9.965597408969928E-001,-6.263792517090179E-002,
2.876238536338270E+008,9.964621337552434E-001,-6.401298418412540E-002,9.964621337552434E-001,-6.401298418412540E-002,
2.936442272147132E+008,9.963514870312832E-001,-6.511139961743892E-002,9.963514870312832E-001,-6.511139961743892E-002,
2.997906157195895E+008,9.962323860080902E-001,-6.656092353300781E-002,9.962323860080902E-001,-6.656092353300781E-002,
3.060656568188355E+008,9.960893314499181E-001,-6.782305183305158E-002,9.960893314499181E-001,-6.782305183305158E-002,
3.124720433929982E+008,9.959427557969245E-001,-6.940656718285670E-002,9.959427557969245E-001,-6.940656718285670E-002,
3.190125246884183E+008,9.957728349279835E-001,-7.083178103952760E-002,9.957728349279835E-001,-7.083178103952760E-002,
3.256899074970465E+008,9.957310019053808E-001,-7.237045384325073E-002,9.957310019053808E-001,-7.237045384325073E-002,
3.325070573609542E+008,9.954772617038767E-001,-7.367076296666461E-002,9.954772617038767E-001,-7.367076296666461E-002,
3.394668998020564E+008,9.952371000309883E-001,-7.527603466327759E-002,9.952371000309883E-001,-7.527603466327759E-002,
3.465724215775746E+008,9.950202613088607E-001,-7.677892808512481E-002,9.950202613088607E-001,-7.677892808512481E-002,
3.538266719617783E+008,9.948139927047192E-001,-7.838857742007116E-002,9.948139927047192E-001,-7.838857742007116E-002,
3.612327640545553E+008,9.946201805554471E-001,-7.995923539713010E-002,9.946201805554471E-001,-7.995923539713010E-002,
3.687938761173719E+008,9.943995132559429E-001,-8.161600332560152E-002,9.943995132559429E-001,-8.161600332560152E-002,
3.765132529371966E+008,9.941647093862427E-001,-8.323452513456098E-002,9.941647093862427E-001,-8.323452513456098E-002,
3.843942072189731E+008,9.939159214095471E-001,-8.488039429210002E-002,9.939159214095471E-001,-8.488039429210002E-002,
3.924401210072396E+008,9.936181882617047E-001,-8.675664939738392E-002,9.936181882617047E-001,-8.675664939738392E-002,
4.006544471375042E+008,9.933563863483839E-001,-8.843707859942879E-002,9.933563863483839E-001,-8.843707859942879E-002,
4.090407107179998E+008,9.930287086542590E-001,-9.032726057229644E-002,9.930287086542590E-001,-9.032726057229644E-002,
4.176025106424546E+008,9.927220845437945E-001,-9.235142222863647E-002,9.927220845437945E-001,-9.235142222863647E-002,
4.263435211345269E+008,9.924246250108236E-001,-9.434283474257911E-002,9.924246250108236E-001,-9.434283474257911E-002,
4.352674933245664E+008,9.921774281285952E-001,-9.625106397630757E-002,9.921774281285952E-001,-9.625106397630757E-002,
4.443782568593804E+008,9.917877550813508E-001,-9.830791911109719E-002,9.917877550813508E-001,-9.830791911109719E-002,
4.536797215456938E+008,9.914048304305922E-001,-1.003021710090508E-001,9.914048304305922E-001,-1.003021710090508E-001,
4.631758790280099E+008,9.911131246127672E-001,-1.023398212683989E-001,9.911131246127672E-001,-1.023398212683989E-001,
4.728708045015902E+008,9.907107938971485E-001,-1.045810562716358E-001,9.907107938971485E-001,-1.045810562716358E-001,
4.827686584612901E+008,9.902615563478986E-001,-1.067949028668739E-001,9.902615563478986E-001,-1.067949028668739E-001,
4.928736884869999E+008,9.899614398495599E-001,-1.090403662162697E-001,9.899614398495599E-001,-1.090403662162697E-001,
5.031902310664573E+008,9.897363090009044E-001,-1.112357883894208E-001,9.897363090009044E-001,-1.112357883894208E-001,
5.137227134562149E+008,9.894849140034823E-001,-1.134855425667779E-001,9.894849140034823E-001,-1.134855425667779E-001,
5.244756555815587E+008,9.890665395832921E-001,-1.157892454167804E-001,9.890665395832921E-001,-1.157892454167804E-001,
5.354536719761968E+008,9.885907673248843E-001,-1.180503728580664E-001,9.885907673248843E-001,-1.180503728580664E-001,
5.466614737625463E+008,9.880646520209311E-001,-1.204777927277088E-001,9.880646520209311E-001,-1.204777927277088E-001,
5.581038706734722E+008,9.874932425083102E-001,-1.229558934400636E-001,9.874932425083102E-001,-1.229558934400636E-001,
5.697857731163427E+008,9.868888670363093E-001,-1.255113010016210E-001,9.868888670363093E-001,-1.255113010016210E-001,
5.817121942802894E+008,9.864732635779724E-001,-1.280755928140603E-001,9.864732635779724E-001,-1.280755928140603E-001,
5.938882522875744E+008,9.859757329850200E-001,-1.308495146092222E-001,9.859757329850200E-001,-1.308495146092222E-001,
6.063191723899891E+008,9.854115534977508E-001,-1.332903452432706E-001,9.854115534977508E-001,-1.332903452432706E-001,
6.190102892112266E+008,9.846116822912989E-001,-1.359045839443861E-001,9.846116822912989E-001,-1.359045839443861E-001,
6.319670490361900E+008,9.838458959215398E-001,-1.386761967695477E-001,9.838458959215398E-001,-1.386761967695477E-001,
6.451950121482195E+008,9.831035671308429E-001,-1.417556621149351E-001,9.831035671308429E-001,-1.417556621149351E-001,
6.586998552152404E+008,9.824929411933492E-001,-1.450215114054043E-001,9.824929411933492E-001,-1.450215114054043E-001,
6.724873737258571E+008,9.820492940792549E-001,-1.479241852435840E-001,9.820492940792549E-001,-1.479241852435840E-001,
6.865634844764381E+008,9.813811239164151E-001,-1.507141639703691E-001,9.813811239164151E-001,-1.507141639703691E-001,
7.009342281102579E+008,9.806590077277507E-001,-1.536567823213621E-001,9.806590077277507E-001,-1.536567823213621E-001,
7.156057717097888E+008,9.798063333256302E-001,-1.568156539255574E-001,9.798063333256302E-001,-1.568156539255574E-001,
7.305844114432513E+008,9.788430750196817E-001,-1.601633326968260E-001,9.788430750196817E-001,-1.601633326968260E-001,
7.458765752665610E+008,9.783727840751377E-001,-1.635723476494589E-001,9.783727840751377E-001,-1.635723476494589E-001,
7.614888256818322E+008,9.774345000391572E-001,-1.667245565517474E-001,9.774345000391572E-001,-1.667245565517474E-001,
7.774278625536187E+008,9.762879845815274E-001,-1.695413281972077E-001,9.762879845815274E-001,-1.695413281972077E-001,
7.937005259841044E+008,9.749856679732450E-001,-1.730557451262900E-001,9.749856679732450E-001,-1.730557451262900E-001,
8.103137992484750E+008,9.737370591358999E-001,-1.769720142197394E-001,9.737370591358999E-001,-1.769720142197394E-001,
8.272748117917309E+008,9.729635727712992E-001,-1.807928545615530E-001,9.729635727712992E-001,-1.807928545615530E-001,
8.445908422882283E+008,9.720626434254691E-001,-1.844717853269452E-001,9.720626434254691E-001,-1.844717853269452E-001,
8.622693217652600E+008,9.709184993784169E-001,-1.878516863177391E-001,9.709184993784169E-001,-1.878516863177391E-001,
8.803178367920179E+008,9.696360765683844E-001,-1.916655145491616E-001,9.696360765683844E-001,-1.916655145491616E-001,
8.987441327353046E+008,9.689057389376947E-001,-1.954932383456932E-001,9.689057389376947E-001,-1.954932383456932E-001,
9.175561170833916E+008,9.678205955226351E-001,-1.991356219059585E-001,9.678205955226351E-001,-1.991356219059585E-001,
9.367618628394508E+008,9.661101186681858E-001,-2.025787963645731E-001,9.661101186681858E-001,-2.025787963645731E-001,
9.563696119860154E+008,9.641608795249779E-001,-2.068878265869208E-001,9.641608795249779E-001,-2.068878265869208E-001,
9.763877790219561E+008,9.627539390196949E-001,-2.114008241238223E-001,9.627539390196949E-001,-2.114008241238223E-001,
9.968249545734922E+008,9.614139012532830E-001,-2.157033566127458E-001,9.614139012532830E-001,-2.157033566127458E-001,
1.017689909080786E+009,9.595262554082988E-001,-2.196924026329912E-001,9.595262554082988E-001,-2.196924026329912E-001,
1.038991596561701E+009,9.575409178731714E-001,-2.246060862882196E-001,9.575409178731714E-001,-2.246060862882196E-001,
1.060739158454346E+009,9.570820085160492E-001,-2.293253895985251E-001,9.570820085160492E-001,-2.293253895985251E-001,
1.082941927540042E+009,9.554442893305660E-001,-2.329604401809425E-001,9.554442893305660E-001,-2.329604401809425E-001,
1.105609431948408E+009,9.531297575150503E-001,-2.368298730256601E-001,9.531297575150503E-001,-2.368298730256601E-001,
1.128751399246275E+009,9.506199496402303E-001,-2.418894842433118E-001,9.506199496402303E-001,-2.418894842433118E-001,
1.152377760612193E+009,9.488615667367628E-001,-2.468021095369094E-001,9.488615667367628E-001,-2.468021095369094E-001,
1.176498655098304E+009,9.464073809421204E-001,-2.514257953634168E-001,9.464073809421204E-001,-2.514257953634168E-001,
1.201124433981439E+009,9.438355816334227E-001,-2.570264750133800E-001,9.438355816334227E-001,-2.570264750133800E-001,
1.226265665205275E+009,9.430389446609027E-001,-2.622147725330767E-001,9.430389446609027E-001,-2.622147725330767E-001,
1.251933137915478E+009,9.405748193781449E-001,-2.660331186665176E-001,9.405748193781449E-001,-2.660331186665176E-001,
1.278137867089775E+009,9.376446313283947E-001,-2.708496587644261E-001,9.376446313283947E-001,-2.708496587644261E-001,
1.304891098264939E+009,9.352144671721143E-001,-2.759570901374602E-001,9.352144671721143E-001,-2.759570901374602E-001,
1.332204312362714E+009,9.319398090947819E-001,-2.807071669075350E-001,9.319398090947819E-001,-2.807071669075350E-001,
1.360089230616753E+009,9.282687889572610E-001,-2.872678001789917E-001,9.282687889572610E-001,-2.872678001789917E-001,
1.388557819602690E+009,9.273038590934027E-001,-2.932956209222840E-001,9.273038590934027E-001,-2.932956209222840E-001,
1.417622296373492E+009,9.241950949902479E-001,-2.977961471840605E-001,9.241950949902479E-001,-2.977961471840605E-001,
1.447295133702302E+009,9.210661776543851E-001,-3.035290337568516E-001,9.210661776543851E-001,-3.035290337568516E-001,
1.477589065435027E+009,9.183442086556649E-001,-3.081879095771288E-001,9.183442086556649E-001,-3.081879095771288E-001,
1.508517091954956E+009,9.135308870539688E-001,-3.137512191784127E-001,9.135308870539688E-001,-3.137512191784127E-001,
1.540092485761767E+009,9.104803950500450E-001,-3.213083713913861E-001,9.104803950500450E-001,-3.213083713913861E-001,
1.572328797167307E+009,9.074046879704424E-001,-3.267164822914934E-001,9.074046879704424E-001,-3.267164822914934E-001,
1.605239860110590E+009,9.041608243471860E-001,-3.332240018013017E-001,9.041608243471860E-001,-3.332240018013017E-001,
1.638839798094518E+009,9.008529622271371E-001,-3.378474918912388E-001,9.008529622271371E-001,-3.378474918912388E-001,
1.673143030246862E+009,8.955210475120138E-001,-3.437153971024548E-001,8.955210475120138E-001,-3.437153971024548E-001,
1.708164277508106E+009,8.919957344498479E-001,-3.506031262916602E-001,8.919957344498479E-001,-3.506031262916602E-001,
1.743918568948813E+009,8.871280242016569E-001,-3.568328188615362E-001,8.871280242016569E-001,-3.568328188615362E-001,
1.780421248219227E+009,8.844413507392238E-001,-3.637858790886921E-001,8.844413507392238E-001,-3.637858790886921E-001,
1.817687980133866E+009,8.793871481218069E-001,-3.684812317692104E-001,8.793871481218069E-001,-3.684812317692104E-001,
1.855734757393946E+009,8.744252877827977E-001,-3.752495220081083E-001,8.744252877827977E-001,-3.752495220081083E-001,
1.894577907450513E+009,8.686591502365811E-001,-3.810899734941269E-001,8.686591502365811E-001,-3.810899734941269E-001,
1.934234099511226E+009,8.644663148823566E-001,-3.898464533567618E-001,8.644663148823566E-001,-3.898464533567618E-001,
1.974720351693812E+009,8.599024356410225E-001,-3.948211832213130E-001,8.599024356410225E-001,-3.948211832213130E-001,
2.016054038329243E+009,8.550307500172678E-001,-4.020947251040589E-001,8.550307500172678E-001,-4.020947251040589E-001,
2.058252897417781E+009,8.483456712236311E-001,-4.076231005398379E-001,8.483456712236311E-001,-4.076231005398379E-001,
2.101335038241093E+009,8.427236498636848E-001,-4.157104178848133E-001,8.427236498636848E-001,-4.157104178848133E-001,
2.145318949133695E+009,8.363219895495138E-001,-4.218881224644872E-001,8.363219895495138E-001,-4.218881224644872E-001,
2.190223505417061E+009,8.313778595667647E-001,-4.284041599908517E-001,8.313778595667647E-001,-4.284041599908517E-001,
2.236067977499810E+009,8.237767632219267E-001,-4.346942053851999E-001,8.237767632219267E-001,-4.346942053851999E-001,
2.282872039147435E+009,8.175877174052068E-001,-4.418374807736757E-001,8.175877174052068E-001,-4.418374807736757E-001,
2.330655775925136E+009,8.112300217237679E-001,-4.493916436736037E-001,8.112300217237679E-001,-4.493916436736037E-001,
2.379439693817366E+009,8.042829107777916E-001,-4.552679032932431E-001,8.042829107777916E-001,-4.552679032932431E-001,
2.429244728027800E+009,7.972119886020390E-001,-4.620512235128782E-001,7.972119886020390E-001,-4.620512235128782E-001,
2.480092251963504E+009,7.891262158217391E-001,-4.698751752025598E-001,7.891262158217391E-001,-4.698751752025598E-001,
2.532004086407146E+009,7.824092326159985E-001,-4.763737628856092E-001,7.824092326159985E-001,-4.763737628856092E-001,
2.585002508881200E+009,7.750432639954596E-001,-4.828397128534435E-001,7.750432639954596E-001,-4.828397128534435E-001,
2.639110263208160E+009,7.658845664674771E-001,-4.905103202334807E-001,7.658845664674771E-001,-4.905103202334807E-001,
2.694350569270853E+009,7.582250472990507E-001,-4.972587014419393E-001,7.582250472990507E-001,-4.972587014419393E-001,
2.750747132977056E+009,7.503804721953220E-001,-5.032133992342693E-001,7.503804721953220E-001,-5.032133992342693E-001,
2.808324156432685E+009,7.411241926283507E-001,-5.109724128347298E-001,7.411241926283507E-001,-5.109724128347298E-001,
2.867106348327923E+009,7.320830187606660E-001,-5.179181759049242E-001,7.320830187606660E-001,-5.179181759049242E-001,
2.927118934540746E+009,7.235023207386042E-001,-5.236886271301142E-001,7.235023207386042E-001,-5.236886271301142E-001,
2.988387668962389E+009,7.137386983157177E-001,-5.311655847223049E-001,7.137386983157177E-001,-5.311655847223049E-001,
3.050938844549417E+009,7.044256662483334E-001,-5.378794661295130E-001,7.044256662483334E-001,-5.378794661295130E-001,
3.114799304607116E+009,6.944170357215987E-001,-5.437943059297683E-001,6.944170357215987E-001,-5.437943059297683E-001,
3.179996454309075E+009,6.837923525353358E-001,-5.510388806106191E-001,6.837923525353358E-001,-5.510388806106191E-001,
3.246558272457882E+009,6.744725475021166E-001,-5.569054441165848E-001,6.744725475021166E-001,-5.569054441165848E-001,
3.314513323491987E+009,6.635581913460772E-001,-5.625999782925817E-001,6.635581913460772E-001,-5.625999782925817E-001,
3.383890769743891E+009,6.531142664164340E-001,-5.699306721235389E-001,6.531142664164340E-001,-5.699306721235389E-001,
3.454720383954909E+009,6.426172379611037E-001,-5.749224813058977E-001,6.426172379611037E-001,-5.749224813058977E-001,
3.527032562051896E+009,6.298528587101748E-001,-5.816153290142020E-001,6.298528587101748E-001,-5.816153290142020E-001,
3.600858336191391E+009,6.191197907033885E-001,-5.880446025719808E-001,6.191197907033885E-001,-5.880446025719808E-001,
3.676229388076813E+009,6.069542074875676E-001,-5.925168464771473E-001,6.069542074875676E-001,-5.925168464771473E-001,
3.753178062554387E+009,5.945441139177849E-001,-5.999250331389299E-001,5.945441139177849E-001,-5.999250331389299E-001,
3.831737381493663E+009,5.832667252026536E-001,-6.039047540664970E-001,5.832667252026536E-001,-6.039047540664970E-001,
3.911941057958573E+009,5.696504918157637E-001,-6.100816984750028E-001,5.696504918157637E-001,-6.100816984750028E-001,
3.993823510675101E+009,5.587459485635755E-001,-6.147081960235896E-001,5.587459485635755E-001,-6.147081960235896E-001,
4.077419878801790E+009,5.439947962918451E-001,-6.195288964846015E-001,5.439947962918451E-001,-6.195288964846015E-001,
4.162766037009410E+009,5.322051824668985E-001,-6.244449549408189E-001,5.322051824668985E-001,-6.244449549408189E-001,
4.249898610876274E+009,5.176591024887458E-001,-6.279779512438174E-001,5.176591024887458E-001,-6.279779512438174E-001,
4.338854992605786E+009,5.054924018507024E-001,-6.328672938881129E-001,5.054924018507024E-001,-6.328672938881129E-001,
4.429673357072994E+009,4.900470693376165E-001,-6.360124062832703E-001,4.900470693376165E-001,-6.360124062832703E-001,
4.522392678207007E+009,4.779196288611349E-001,-6.405796167451576E-001,4.779196288611349E-001,-6.405796167451576E-001,
4.617052745716332E+009,4.629445889812570E-001,-6.436511269916384E-001,4.629445889812570E-001,-6.436511269916384E-001,
4.713694182164284E+009,4.498786389348051E-001,-6.469801282314304E-001,4.498786389348051E-001,-6.469801282314304E-001,
4.812358460401814E+009,4.346668498433928E-001,-6.498759315169078E-001,4.346668498433928E-001,-6.498759315169078E-001,
4.913087921365233E+009,4.208672853203940E-001,-6.521871104981289E-001,4.208672853203940E-001,-6.521871104981289E-001,
5.015925792246465E+009,4.061285517725933E-001,-6.550929980421582E-001,4.061285517725933E-001,-6.550929980421582E-001,
5.120916205043626E+009,3.920443110353801E-001,-6.564702519155945E-001,3.920443110353801E-001,-6.564702519155945E-001,
5.228104215499899E+009,3.775360505841405E-001,-6.586344437532974E-001,3.775360505841405E-001,-6.586344437532974E-001,
5.337535822438821E+009,3.627274113559068E-001,-6.600477511331204E-001,3.627274113559068E-001,-6.600477511331204E-001,
5.449257987504287E+009,3.488094286848428E-001,-6.609769472266188E-001,3.488094286848428E-001,-6.609769472266188E-001,
5.563318655313743E+009,3.344019544591315E-001,-6.625110250154844E-001,3.344019544591315E-001,-6.625110250154844E-001,
5.679766774033207E+009,3.202699512566559E-001,-6.623415258620344E-001,3.202699512566559E-001,-6.623415258620344E-001,
5.798652316382962E+009,3.063149321905337E-001,-6.631161889503556E-001,3.063149321905337E-001,-6.631161889503556E-001,
5.920026301082923E+009,2.915524810808962E-001,-6.636684463941528E-001,2.915524810808962E-001,-6.636684463941528E-001,
6.043940814746885E+009,2.774338549917945E-001,-6.628505926588628E-001,2.774338549917945E-001,-6.628505926588628E-001,
6.170449034235055E+009,2.636489534019963E-001,-6.623559090328695E-001,2.636489534019963E-001,-6.623559090328695E-001,
6.299605249474443E+009,2.494302527986871E-001,-6.625632980907740E-001,2.494302527986871E-001,-6.625632980907740E-001,
6.431464886756929E+009,2.344965920986041E-001,-6.614742177682700E-001,2.344965920986041E-001,-6.614742177682700E-001,
6.566084532524983E+009,2.202606839805753E-001,-6.604051337239425E-001,2.202606839805753E-001,-6.604051337239425E-001,
6.703521957655251E+009,2.062028302049706E-001,-6.588860089176365E-001,2.062028302049706E-001,-6.588860089176365E-001,
6.843836142250444E+009,1.918867588416090E-001,-6.574338085540015E-001,1.918867588416090E-001,-6.574338085540015E-001,
6.987087300950141E+009,1.772188130202145E-001,-6.554788991909976E-001,1.772188130202145E-001,-6.554788991909976E-001,
7.133336908771395E+009,1.631288849067425E-001,-6.527014791060803E-001,1.631288849067425E-001,-6.527014791060803E-001,
7.282647727490209E+009,1.494356926256142E-001,-6.496653079998680E-001,1.494356926256142E-001,-6.496653079998680E-001,
7.435083832575221E+009,1.359260200859958E-001,-6.461064508805769E-001,1.359260200859958E-001,-6.461064508805769E-001,
7.590710640685147E+009,1.228871285436741E-001,-6.427455977159724E-001,1.228871285436741E-001,-6.427455977159724E-001,
7.749594937741785E+009,1.094292572045200E-001,-6.384619581242210E-001,1.094292572045200E-001,-6.384619581242210E-001,
7.911804907590622E+009,9.675310118978717E-002,-6.341657733748389E-001,9.675310118978717E-002,-6.341657733748389E-001,
8.077410161261354E+009,8.365800201856954E-002,-6.294398579989060E-001,8.365800201856954E-002,-6.294398579989060E-001,
8.246481766840870E+009,7.160358041336518E-002,-6.243699149493330E-001,7.160358041336518E-002,-6.243699149493330E-001,
8.419092279971513E+009,5.946824882378803E-002,-6.191652119680187E-001,5.946824882378803E-002,-6.191652119680187E-001,
8.595315774987719E+009,4.785271614480458E-002,-6.134418199416646E-001,4.785271614480458E-002,-6.134418199416646E-001,
8.775227876704388E+009,3.644179571962149E-002,-6.074711581277573E-001,3.644179571962149E-002,-6.074711581277573E-001,
8.958905792870632E+009,2.568795090946471E-002,-6.010766622427002E-001,2.568795090946471E-002,-6.010766622427002E-001,
9.146428347302822E+009,1.525387420679903E-002,-5.940937548190532E-001,1.525387420679903E-002,-5.940937548190532E-001,
9.337876013711161E+009,4.642494095972090E-003,-5.882493476741906E-001,4.642494095972090E-003,-5.882493476741906E-001,
9.533330950234287E+009,-5.322974227043289E-003,-5.805279502439917E-001,-5.322974227043289E-003,-5.805279502439917E-001,
9.732877034696749E+009,-1.502690582570497E-002,-5.733441952372848E-001,-1.502690582570497E-002,-5.733441952372848E-001,
9.936599900604454E+009,-2.513545352278257E-002,-5.659899957999726E-001,-2.513545352278257E-002,-5.659899957999726E-001,
1.014458697389356E+010,-3.466294891848389E-002,-5.586860571070051E-001,-3.466294891848389E-002,-5.586860571070051E-001,
1.035692751044859E+010,-4.435712458442563E-002,-5.516380983952582E-001,-4.435712458442563E-002,-5.516380983952582E-001,
1.057371263440579E+010,-5.240650554481639E-002,-5.443832196829873E-001,-5.240650554481639E-002,-5.443832196829873E-001,
1.079503537725833E+010,-6.110832635621757E-002,-5.365209583534143E-001,-6.110832635621757E-002,-5.365209583534143E-001,
1.102099071777997E+010,-6.873664656993168E-002,-5.280722671610109E-001,-6.873664656993168E-002,-5.280722671610109E-001,
1.125167562278435E+010,-7.742746283886015E-002,-5.198690622068106E-001,-7.742746283886015E-002,-5.198690622068106E-001,
1.148718908873753E+010,-8.623556899268373E-002,-5.122990998833228E-001,-8.623556899268373E-002,-5.122990998833228E-001,
1.172763218424143E+010,-9.383789768822448E-002,-5.030527531500380E-001,-9.383789768822448E-002,-5.030527531500380E-001,
1.197310809340661E+010,-1.031808807558908E-001,-4.956924356002095E-001,-1.031808807558908E-001,-4.956924356002095E-001,
1.222372216013282E+010,-1.095268924143912E-001,-4.873908037629744E-001,-1.095268924143912E-001,-4.873908037629744E-001,
1.247958193331646E+010,-1.184590661479302E-001,-4.784387466618151E-001,-1.184590661479302E-001,-4.784387466618151E-001,
1.274079721300426E+010,-1.260586767944515E-001,-4.722009867213868E-001,-1.260586767944515E-001,-4.722009867213868E-001,
1.300748009751303E+010,-1.339061554973557E-001,-4.633261310507024E-001,-1.339061554973557E-001,-4.633261310507024E-001,
1.327974503153573E+010,-1.420485267118617E-001,-4.562841523367393E-001,-1.420485267118617E-001,-4.562841523367393E-001,
1.355770885525442E+010,-1.496964518662736E-001,-4.482208473898515E-001,-1.496964518662736E-001,-4.482208473898515E-001,
1.384149085448120E+010,-1.568562614216399E-001,-4.414465154372030E-001,-1.568562614216399E-001,-4.414465154372030E-001,
1.413121281184877E+010,-1.653667901164332E-001,-4.345962205409331E-001,-1.653667901164332E-001,-4.345962205409331E-001,
1.442699905907235E+010,-1.731405146060911E-001,-4.271809441077566E-001,-1.731405146060911E-001,-4.271809441077566E-001,
1.472897653030561E+010,-1.804792964598959E-001,-4.207476428875283E-001,-1.804792964598959E-001,-4.207476428875283E-001,
1.503727481661337E+010,-1.885656604262151E-001,-4.146479165378876E-001,-1.885656604262151E-001,-4.146479165378876E-001,
1.535202622158452E+010,-1.969003189697219E-001,-4.071637364191218E-001,-1.969003189697219E-001,-4.071637364191218E-001,
1.567336581810895E+010,-2.044537528821637E-001,-4.008170145358470E-001,-2.044537528821637E-001,-4.008170145358470E-001,
1.600143150634299E+010,-2.118854017213553E-001,-3.953647804866846E-001,-2.118854017213553E-001,-3.953647804866846E-001,
1.633636407288800E+010,-2.197714510713695E-001,-3.894235536574958E-001,-2.197714510713695E-001,-3.894235536574958E-001,
1.667830725120785E+010,-2.277757819239756E-001,-3.841859652535745E-001,-2.277757819239756E-001,-3.841859652535745E-001,
1.702740778331081E+010,-2.352903501630134E-001,-3.789736615308192E-001,-2.352903501630134E-001,-3.789736615308192E-001,
1.738381548272271E+010,-2.417095494449697E-001,-3.725841242037469E-001,-2.417095494449697E-001,-3.725841242037469E-001,
1.774768329877812E+010,-2.486556235657096E-001,-3.665602481692522E-001,-2.486556235657096E-001,-3.665602481692522E-001,
1.811916738225725E+010,-2.548527648335355E-001,-3.603143089623335E-001,-2.548527648335355E-001,-3.603143089623335E-001,
1.849842715239673E+010,-2.596476727259540E-001,-3.547812826017454E-001,-2.596476727259540E-001,-3.547812826017454E-001,
1.888562536530301E+010,-2.650629284140620E-001,-3.479211679380140E-001,-2.650629284140620E-001,-3.479211679380140E-001,
1.928092818379779E+010,-2.706365598312983E-001,-3.406363551780188E-001,-2.706365598312983E-001,-3.406363551780188E-001,
1.968450524872536E+010,-2.756481125824735E-001,-3.342476532257243E-001,-2.756481125824735E-001,-3.342476532257243E-001,
2.009652975175254E+010,-2.777786749115220E-001,-3.295078317708187E-001,-2.777786749115220E-001,-3.295078317708187E-001,
2.051717850969239E+010,-2.801488231766731E-001,-3.215827700991582E-001,-2.801488231766731E-001,-3.215827700991582E-001,
2.094663204038366E+010,-2.844815713758768E-001,-3.153063757368322E-001,-2.844815713758768E-001,-3.153063757368322E-001,
2.138507464015848E+010,-2.847011897247936E-001,-3.085278190274330E-001,-2.847011897247936E-001,-3.085278190274330E-001,
2.183269446293157E+010,-2.892733902778688E-001,-3.018399328577334E-001,-2.892733902778688E-001,-3.018399328577334E-001,
2.228968360094489E+010,-2.909713794665843E-001,-2.968154931119370E-001,-2.909713794665843E-001,-2.968154931119370E-001,
2.275623816720238E+010,-2.944007141680484E-001,-2.897064788815053E-001,-2.944007141680484E-001,-2.897064788815053E-001,
2.323255837963022E+010,-2.953953404744454E-001,-2.843287041007941E-001,-2.953953404744454E-001,-2.843287041007941E-001,
2.371884864699861E+010,-3.002465455061416E-001,-2.803602452425315E-001,-3.002465455061416E-001,-2.803602452425315E-001,
2.421531765664209E+010,-3.046482852849990E-001,-2.781498883190742E-001,-3.046482852849990E-001,-2.781498883190742E-001,
2.472217846401591E+010,-3.082030380075098E-001,-2.741921225006593E-001,-3.082030380075098E-001,-2.741921225006593E-001,
2.523964858412701E+010,-3.147453754196770E-001,-2.727566935768265E-001,-3.147453754196770E-001,-2.727566935768265E-001,
2.576795008487867E+010,-3.202547200208402E-001,-2.714646431978005E-001,-3.202547200208402E-001,-2.714646431978005E-001,
2.630730968236913E+010,-3.250612188164878E-001,-2.702758529932321E-001,-3.250612188164878E-001,-2.702758529932321E-001,
2.685795883818483E+010,-3.292079784579414E-001,-2.748641377384006E-001,-3.292079784579414E-001,-2.748641377384006E-001,
2.742013385873019E+010,-3.320872809705325E-001,-2.808433495528450E-001,-3.320872809705325E-001,-2.808433495528450E-001,
2.799407599663654E+010,-3.333282981178236E-001,-2.845638575939846E-001,-3.333282981178236E-001,-2.845638575939846E-001,
2.858003155429355E+010,-3.365804436170014E-001,-2.867615374965067E-001,-3.365804436170014E-001,-2.867615374965067E-001,
2.917825198954789E+010,-3.373712231934167E-001,-2.969323540701843E-001,-3.373712231934167E-001,-2.969323540701843E-001,
2.978899402361419E+010,-3.308321734675514E-001,-3.048159664914887E-001,-3.308321734675514E-001,-3.048159664914887E-001,
3.041251975124476E+010,-3.293068030960741E-001,-3.037933840910906E-001,-3.293068030960741E-001,-3.037933840910906E-001,
3.104909675320535E+010,-3.212322478362355E-001,-3.072049804964137E-001,-3.212322478362355E-001,-3.072049804964137E-001,
3.169899821110511E+010,-3.154426695571884E-001,-3.093396311207727E-001,-3.154426695571884E-001,-3.093396311207727E-001,
3.236250302463025E+010,-3.013788084314523E-001,-3.089732370543598E-001,-3.013788084314523E-001,-3.089732370543598E-001,
3.303989593123136E+010,-2.907947770818001E-001,-3.061519388271755E-001,-2.907947770818001E-001,-3.061519388271755E-001,
3.373146762831615E+010,-2.776982523503863E-001,-3.029825488964172E-001,-2.776982523503863E-001,-3.029825488964172E-001,
3.443751489799971E+010,-2.695806982767433E-001,-2.920313562128507E-001,-2.695806982767433E-001,-2.920313562128507E-001,
3.515834073446610E+010,-2.598512921514244E-001,-2.859390750568043E-001,-2.598512921514244E-001,-2.859390750568043E-001,
3.589425447399565E+010,-2.560599476439563E-001,-2.758498395935135E-001,-2.560599476439563E-001,-2.758498395935135E-001,
3.664557192771407E+010,-2.437287996519261E-001,-2.675208975638737E-001,-2.437287996519261E-001,-2.675208975638737E-001,
3.741261551712006E+010,-2.477533541589579E-001,-2.560596638374069E-001,-2.477533541589579E-001,-2.560596638374069E-001,
3.819571441244975E+010,-2.442411016329698E-001,-2.568518272539928E-001,-2.442411016329698E-001,-2.568518272539928E-001,
3.899520467393736E+010,-2.453448588352230E-001,-2.492727646363017E-001,-2.453448588352230E-001,-2.492727646363017E-001,
3.981142939603255E+010,-2.466705292690836E-001,-2.495005146809106E-001,-2.466705292690836E-001,-2.495005146809106E-001,
4.064473885463650E+010,-2.449799462931245E-001,-2.465045586792786E-001,-2.449799462931245E-001,-2.465045586792786E-001,
4.149549065741983E+010,-2.384226952730623E-001,-2.475945486466646E-001,-2.384226952730623E-001,-2.475945486466646E-001,
4.236404989728691E+010,-2.291209303714403E-001,-2.488940063087639E-001,-2.291209303714403E-001,-2.488940063087639E-001,
4.325078930905235E+010,-2.184993370762659E-001,-2.455353029457029E-001,-2.184993370762659E-001,-2.455353029457029E-001,
4.415608942939697E+010,-2.053055224911196E-001,-2.406922670716964E-001,-2.053055224911196E-001,-2.406922670716964E-001,
4.508033876017195E+010,-1.913226449256488E-001,-2.232401098224849E-001,-1.913226449256488E-001,-2.232401098224849E-001,
4.602393393512102E+010,-1.815757167083163E-001,-1.971000127866424E-001,-1.815757167083163E-001,-1.971000127866424E-001,
4.698727989009248E+010,-1.779786752812376E-001,-1.785994829893315E-001,-1.779786752812376E-001,-1.785994829893315E-001,
4.797079003681400E+010,-1.751054930322890E-001,-1.456375127493894E-001,-1.751054930322890E-001,-1.456375127493894E-001,
4.897488644030473E+010,-1.808789430213965E-001,-1.195454215450924E-001,-1.808789430213965E-001,-1.195454215450924E-001,
5.000000000000000E+010,-1.975641528867217E-001,-8.852957507407244E-002,-1.975641528867217E-001,-8.852957507407244E-002,
