% Version 1.00
%
%freq[Hz],re:Trc1_S11,im:Trc1_S11,re:Trc2_S11,im:Trc2_S11,
1.000000000000000E+008,2.863833087508905E-001,-1.011809502642479E-002,2.863833087508905E-001,-1.011809502642479E-002,
1.020931412693436E+008,2.862449017615549E-001,-1.015885450639546E-002,2.862449017615549E-001,-1.015885450639546E-002,
1.042300949424215E+008,2.860728949360593E-001,-1.027802988518745E-002,2.860728949360593E-001,-1.027802988518745E-002,
1.064117780747374E+008,2.860651523084115E-001,-1.039689572618051E-002,2.860651523084115E-001,-1.039689572618051E-002,
1.086391269170620E+008,2.860196177347035E-001,-1.054273198560109E-002,2.860196177347035E-001,-1.054273198560109E-002,
1.109130973172177E+008,2.859207888289138E-001,-1.054539670216009E-002,2.859207888289138E-001,-1.054539670216009E-002,
1.132346651302716E+008,2.858852015750536E-001,-1.064206009566673E-002,2.858852015750536E-001,-1.064206009566673E-002,
1.156048266373163E+008,2.858419076854364E-001,-1.095400172496758E-002,2.858419076854364E-001,-1.095400172496758E-002,
1.180245989730151E+008,2.857600365310739E-001,-1.096366444609800E-002,2.857600365310739E-001,-1.096366444609800E-002,
1.204950205620966E+008,2.857559267567091E-001,-1.110865784549649E-002,2.857559267567091E-001,-1.110865784549649E-002,
1.230171515649859E+008,2.856771814619699E-001,-1.109767514933343E-002,2.856771814619699E-001,-1.109767514933343E-002,
1.255920743327636E+008,2.856615171611739E-001,-1.141256480862254E-002,2.856615171611739E-001,-1.141256480862254E-002,
1.282208938716474E+008,2.856893469203076E-001,-1.136394002967060E-002,2.856893469203076E-001,-1.136394002967060E-002,
1.309047383171961E+008,2.856293804856342E-001,-1.158949801267025E-002,2.856293804856342E-001,-1.158949801267025E-002,
1.336447594184396E+008,2.856479344533311E-001,-1.175222418717802E-002,2.856479344533311E-001,-1.175222418717802E-002,
1.364421330321420E+008,2.856035022166761E-001,-1.180541564814923E-002,2.856035022166761E-001,-1.180541564814923E-002,
1.392980596274105E+008,2.856141113758624E-001,-1.197502726769194E-002,2.856141113758624E-001,-1.197502726769194E-002,
1.422137648008667E+008,2.855618172629832E-001,-1.199914123526225E-002,2.855618172629832E-001,-1.199914123526225E-002,
1.451904998026009E+008,2.855546747731090E-001,-1.231787227466477E-002,2.855546747731090E-001,-1.231787227466477E-002,
1.482295420731354E+008,2.855458332437024E-001,-1.249126384223373E-002,2.855458332437024E-001,-1.249126384223373E-002,
1.513321957916272E+008,2.855350084118800E-001,-1.249356734292159E-002,2.855350084118800E-001,-1.249356734292159E-002,
1.544997924355456E+008,2.854587303431172E-001,-1.279863624972421E-002,2.854587303431172E-001,-1.279863624972421E-002,
1.577336913520643E+008,2.854801836269262E-001,-1.292723846696355E-002,2.854801836269262E-001,-1.292723846696355E-002,
1.610352803414134E+008,2.854433258961436E-001,-1.308719310928164E-002,2.854433258961436E-001,-1.308719310928164E-002,
1.644059762524427E+008,2.853528203108268E-001,-1.322858141782025E-002,2.853528203108268E-001,-1.322858141782025E-002,
1.678472255906498E+008,2.853915560522523E-001,-1.346197481119412E-002,2.853915560522523E-001,-1.346197481119412E-002,
1.713605051389360E+008,2.853557719825190E-001,-1.354746369798170E-002,2.853557719825190E-001,-1.354746369798170E-002,
1.749473225913547E+008,2.853305594746937E-001,-1.376346522731299E-002,2.853305594746937E-001,-1.376346522731299E-002,
1.786092172001261E+008,2.852545916122546E-001,-1.393282567363600E-002,2.852545916122546E-001,-1.393282567363600E-002,
1.823477604361935E+008,2.852593415277902E-001,-1.394459006865083E-002,2.852593415277902E-001,-1.394459006865083E-002,
1.861645566636073E+008,2.851796500199074E-001,-1.428813960089600E-002,2.851796500199074E-001,-1.428813960089600E-002,
1.900612438280239E+008,2.851473062810754E-001,-1.447304026208998E-002,2.851473062810754E-001,-1.447304026208998E-002,
1.940394941596160E+008,2.850775444364914E-001,-1.465663415817141E-002,2.850775444364914E-001,-1.465663415817141E-002,
1.981010148906965E+008,2.850009946161211E-001,-1.487203975373812E-002,2.850009946161211E-001,-1.487203975373812E-002,
2.022475489883622E+008,2.849500380428934E-001,-1.509545447364857E-002,2.849500380428934E-001,-1.509545447364857E-002,
2.064808759024735E+008,2.849183895338844E-001,-1.531158404228718E-002,2.849183895338844E-001,-1.531158404228718E-002,
2.108028123292904E+008,2.848566430027858E-001,-1.545958980702634E-002,2.848566430027858E-001,-1.545958980702634E-002,
2.152152129910917E+008,2.847521255065152E-001,-1.577322811106951E-002,2.847521255065152E-001,-1.577322811106951E-002,
2.197199714321140E+008,2.847471595338779E-001,-1.604475480109525E-002,2.847471595338779E-001,-1.604475480109525E-002,
2.243190208311496E+008,2.847223362415755E-001,-1.630231526466875E-002,2.847223362415755E-001,-1.630231526466875E-002,
2.290143348311539E+008,2.845443108386403E-001,-1.657890499930100E-002,2.845443108386403E-001,-1.657890499930100E-002,
2.338079283862175E+008,2.845275852277581E-001,-1.682730942912628E-002,2.845275852277581E-001,-1.682730942912628E-002,
2.387018586262668E+008,2.844585349478376E-001,-1.714850915684768E-002,2.844585349478376E-001,-1.714850915684768E-002,
2.436982257398635E+008,2.844588342390071E-001,-1.742609545402575E-002,2.844588342390071E-001,-1.742609545402575E-002,
2.487991738754827E+008,2.843638475774284E-001,-1.772621331446835E-002,2.843638475774284E-001,-1.772621331446835E-002,
2.540068920616564E+008,2.843186771840731E-001,-1.803048028990282E-002,2.843186771840731E-001,-1.803048028990282E-002,
2.593236151463760E+008,2.843078956207315E-001,-1.821949281030904E-002,2.843078956207315E-001,-1.821949281030904E-002,
2.647516247561587E+008,2.842102097889775E-001,-1.872121204920779E-002,2.842102097889775E-001,-1.872121204920779E-002,
2.702932502751876E+008,2.842039317619721E-001,-1.892554905587715E-002,2.842039317619721E-001,-1.892554905587715E-002,
2.759508698449477E+008,2.841232152215863E-001,-1.943372204535999E-002,2.841232152215863E-001,-1.943372204535999E-002,
2.817269113847850E+008,2.840984827034691E-001,-1.965871706857780E-002,2.840984827034691E-001,-1.965871706857780E-002,
2.876238536338270E+008,2.840600188507936E-001,-1.999721891434079E-002,2.840600188507936E-001,-1.999721891434079E-002,
2.936442272147132E+008,2.840119567614185E-001,-2.050727340421539E-002,2.840119567614185E-001,-2.050727340421539E-002,
2.997906157195895E+008,2.840320668628901E-001,-2.089863007870631E-002,2.840320668628901E-001,-2.089863007870631E-002,
3.060656568188355E+008,2.840416448080493E-001,-2.125420386793105E-002,2.840416448080493E-001,-2.125420386793105E-002,
3.124720433929982E+008,2.840563868972307E-001,-2.163740696319617E-002,2.840563868972307E-001,-2.163740696319617E-002,
3.190125246884183E+008,2.840495438584168E-001,-2.185603199973729E-002,2.840495438584168E-001,-2.185603199973729E-002,
3.256899074970465E+008,2.840534103584687E-001,-2.221777889934437E-002,2.840534103584687E-001,-2.221777889934437E-002,
3.325070573609542E+008,2.839961456966954E-001,-2.275796629515020E-002,2.839961456966954E-001,-2.275796629515020E-002,
3.394668998020564E+008,2.839819438003807E-001,-2.313692130095068E-002,2.839819438003807E-001,-2.313692130095068E-002,
3.465724215775746E+008,2.839395644230109E-001,-2.354140052656124E-002,2.839395644230109E-001,-2.354140052656124E-002,
3.538266719617783E+008,2.838864182708488E-001,-2.397666925133750E-002,2.838864182708488E-001,-2.397666925133750E-002,
3.612327640545553E+008,2.838267564036963E-001,-2.437659258469273E-002,2.838267564036963E-001,-2.437659258469273E-002,
3.687938761173719E+008,2.837259131762092E-001,-2.480513754523693E-002,2.837259131762092E-001,-2.480513754523693E-002,
3.765132529371966E+008,2.836904311130524E-001,-2.522812786227104E-002,2.836904311130524E-001,-2.522812786227104E-002,
3.843942072189731E+008,2.836262445000136E-001,-2.567519753086356E-002,2.836262445000136E-001,-2.567519753086356E-002,
3.924401210072396E+008,2.835878077896930E-001,-2.593773040418940E-002,2.835878077896930E-001,-2.593773040418940E-002,
4.006544471375042E+008,2.834570756785070E-001,-2.662989327404918E-002,2.834570756785070E-001,-2.662989327404918E-002,
4.090407107179998E+008,2.833809742972593E-001,-2.713938426160828E-002,2.833809742972593E-001,-2.713938426160828E-002,
4.176025106424546E+008,2.833112247455275E-001,-2.752754213666175E-002,2.833112247455275E-001,-2.752754213666175E-002,
4.263435211345269E+008,2.832115598438194E-001,-2.809069848602519E-002,2.832115598438194E-001,-2.809069848602519E-002,
4.352674933245664E+008,2.830925487041190E-001,-2.884859946910434E-002,2.830925487041190E-001,-2.884859946910434E-002,
4.443782568593804E+008,2.830202007458932E-001,-2.941531210878460E-002,2.830202007458932E-001,-2.941531210878460E-002,
4.536797215456938E+008,2.829523355820753E-001,-2.998589677785522E-002,2.829523355820753E-001,-2.998589677785522E-002,
4.631758790280099E+008,2.829154332560973E-001,-3.058116904102586E-002,2.829154332560973E-001,-3.058116904102586E-002,
4.728708045015902E+008,2.829063568651771E-001,-3.122574686685551E-002,2.829063568651771E-001,-3.122574686685551E-002,
4.827686584612901E+008,2.828670644461105E-001,-3.184125692646526E-002,2.828670644461105E-001,-3.184125692646526E-002,
4.928736884869999E+008,2.828774346932461E-001,-3.248461568298714E-002,2.828774346932461E-001,-3.248461568298714E-002,
5.031902310664573E+008,2.828731168912206E-001,-3.314211639751626E-002,2.828731168912206E-001,-3.314211639751626E-002,
5.137227134562149E+008,2.828115824875901E-001,-3.378226844241460E-002,2.828115824875901E-001,-3.378226844241460E-002,
5.244756555815587E+008,2.827426006195343E-001,-3.442209930295778E-002,2.827426006195343E-001,-3.442209930295778E-002,
5.354536719761968E+008,2.826968459005772E-001,-3.505314906544108E-002,2.826968459005772E-001,-3.505314906544108E-002,
5.466614737625463E+008,2.826415021883722E-001,-3.569424991875634E-002,2.826415021883722E-001,-3.569424991875634E-002,
5.581038706734722E+008,2.825346409746334E-001,-3.635445855238654E-002,2.825346409746334E-001,-3.635445855238654E-002,
5.697857731163427E+008,2.824461922538577E-001,-3.702904887873136E-002,2.824461922538577E-001,-3.702904887873136E-002,
5.817121942802894E+008,2.823311703772150E-001,-3.774000955062333E-002,2.823311703772150E-001,-3.774000955062333E-002,
5.938882522875744E+008,2.821235762495854E-001,-3.845102629760425E-002,2.821235762495854E-001,-3.845102629760425E-002,
6.063191723899891E+008,2.819136970257092E-001,-3.929791532174279E-002,2.819136970257092E-001,-3.929791532174279E-002,
6.190102892112266E+008,2.817648699456110E-001,-4.008019267149411E-002,2.817648699456110E-001,-4.008019267149411E-002,
6.319670490361900E+008,2.816511315683046E-001,-4.091252754179062E-002,2.816511315683046E-001,-4.091252754179062E-002,
6.451950121482195E+008,2.815468020257877E-001,-4.180893473499917E-002,2.815468020257877E-001,-4.180893473499917E-002,
6.586998552152404E+008,2.814951759136333E-001,-4.278319713267232E-002,2.814951759136333E-001,-4.278319713267232E-002,
6.724873737258571E+008,2.813961756244786E-001,-4.360450228797493E-002,2.813961756244786E-001,-4.360450228797493E-002,
6.865634844764381E+008,2.812643277342736E-001,-4.442588791107428E-002,2.812643277342736E-001,-4.442588791107428E-002,
7.009342281102579E+008,2.811787140523105E-001,-4.530153793123815E-002,2.811787140523105E-001,-4.530153793123815E-002,
7.156057717097888E+008,2.810705625561286E-001,-4.616311339696302E-002,2.810705625561286E-001,-4.616311339696302E-002,
7.305844114432513E+008,2.810093841749762E-001,-4.702218856090809E-002,2.810093841749762E-001,-4.702218856090809E-002,
7.458765752665610E+008,2.808140816475954E-001,-4.799756790351760E-002,2.808140816475954E-001,-4.799756790351760E-002,
7.614888256818322E+008,2.804104401929820E-001,-4.890984035761745E-002,2.804104401929820E-001,-4.890984035761745E-002,
7.774278625536187E+008,2.801458004984540E-001,-4.987730026068941E-002,2.801458004984540E-001,-4.987730026068941E-002,
7.937005259841044E+008,2.798761093874572E-001,-5.093127484161313E-002,2.798761093874572E-001,-5.093127484161313E-002,
8.103137992484750E+008,2.796450931622282E-001,-5.203244993919293E-002,2.796450931622282E-001,-5.203244993919293E-002,
8.272748117917309E+008,2.795038390926126E-001,-5.318866392031649E-002,2.795038390926126E-001,-5.318866392031649E-002,
8.445908422882283E+008,2.792918752624206E-001,-5.437693597278940E-002,2.792918752624206E-001,-5.437693597278940E-002,
8.622693217652600E+008,2.791503918367163E-001,-5.542480293262858E-002,2.791503918367163E-001,-5.542480293262858E-002,
8.803178367920179E+008,2.789996524546997E-001,-5.646746467242772E-002,2.789996524546997E-001,-5.646746467242772E-002,
8.987441327353046E+008,2.788495341081296E-001,-5.757134374619503E-002,2.788495341081296E-001,-5.757134374619503E-002,
9.175561170833916E+008,2.784692180171030E-001,-5.862911721600864E-002,2.784692180171030E-001,-5.862911721600864E-002,
9.367618628394508E+008,2.780686810994124E-001,-5.970971922627960E-002,2.780686810994124E-001,-5.970971922627960E-002,
9.563696119860154E+008,2.776303628012979E-001,-6.093029867104571E-002,2.776303628012979E-001,-6.093029867104571E-002,
9.763877790219561E+008,2.772751854585305E-001,-6.227311901149887E-002,2.772751854585305E-001,-6.227311901149887E-002,
9.968249545734922E+008,2.768226470649782E-001,-6.365993385201259E-002,2.768226470649782E-001,-6.365993385201259E-002,
1.017689909080786E+009,2.764873615447509E-001,-6.499523623176316E-002,2.764873615447509E-001,-6.499523623176316E-002,
1.038991596561701E+009,2.762623478120774E-001,-6.640397480495427E-002,2.762623478120774E-001,-6.640397480495427E-002,
1.060739158454346E+009,2.761023092498842E-001,-6.774701608357867E-002,2.761023092498842E-001,-6.774701608357867E-002,
1.082941927540042E+009,2.755365571361187E-001,-6.897330136449181E-002,2.755365571361187E-001,-6.897330136449181E-002,
1.105609431948408E+009,2.751110523281023E-001,-7.022987180190454E-002,2.751110523281023E-001,-7.022987180190454E-002,
1.128751399246275E+009,2.745739302586500E-001,-7.163751185890108E-002,2.745739302586500E-001,-7.163751185890108E-002,
1.152377760612193E+009,2.739984297889545E-001,-7.314363905432797E-002,2.739984297889545E-001,-7.314363905432797E-002,
1.176498655098304E+009,2.734541348009980E-001,-7.468723515233577E-002,2.734541348009980E-001,-7.468723515233577E-002,
1.201124433981439E+009,2.730705038499416E-001,-7.635638417738086E-002,2.730705038499416E-001,-7.635638417738086E-002,
1.226265665205275E+009,2.726994857679069E-001,-7.794637095839280E-002,2.726994857679069E-001,-7.794637095839280E-002,
1.251933137915478E+009,2.720996764660373E-001,-7.930618507472094E-002,2.720996764660373E-001,-7.930618507472094E-002,
1.278137867089775E+009,2.714957577600714E-001,-8.075290594781648E-002,2.714957577600714E-001,-8.075290594781648E-002,
1.304891098264939E+009,2.707837940025417E-001,-8.231131413698706E-002,2.707837940025417E-001,-8.231131413698706E-002,
1.332204312362714E+009,2.700018046248172E-001,-8.390799660109845E-002,2.700018046248172E-001,-8.390799660109845E-002,
1.360089230616753E+009,2.693285278212850E-001,-8.580611508635735E-002,2.693285278212850E-001,-8.580611508635735E-002,
1.388557819602690E+009,2.687766871435221E-001,-8.768506016682512E-002,2.687766871435221E-001,-8.768506016682512E-002,
1.417622296373492E+009,2.681132923620976E-001,-8.931888425820364E-002,2.681132923620976E-001,-8.931888425820364E-002,
1.447295133702302E+009,2.674047037254478E-001,-9.101324306051883E-002,2.674047037254478E-001,-9.101324306051883E-002,
1.477589065435027E+009,2.665979377691681E-001,-9.268708862944775E-002,2.665979377691681E-001,-9.268708862944775E-002,
1.508517091954956E+009,2.655769389872549E-001,-9.452443650974977E-002,2.655769389872549E-001,-9.452443650974977E-002,
1.540092485761767E+009,2.647640894675469E-001,-9.674996358344457E-002,2.647640894675469E-001,-9.674996358344457E-002,
1.572328797167307E+009,2.638696320279989E-001,-9.867186257438450E-002,2.638696320279989E-001,-9.867186257438450E-002,
1.605239860110590E+009,2.631795431923644E-001,-1.006337526215688E-001,2.631795431923644E-001,-1.006337526215688E-001,
1.638839798094518E+009,2.621474485189820E-001,-1.023907086504558E-001,2.621474485189820E-001,-1.023907086504558E-001,
1.673143030246862E+009,2.609783339078179E-001,-1.043538627192294E-001,2.609783339078179E-001,-1.043538627192294E-001,
1.708164277508106E+009,2.598582329533594E-001,-1.066209389709443E-001,2.598582329533594E-001,-1.066209389709443E-001,
1.743918568948813E+009,2.588947740061234E-001,-1.088473171583794E-001,2.588947740061234E-001,-1.088473171583794E-001,
1.780421248219227E+009,2.580873241702367E-001,-1.109817115485139E-001,2.580873241702367E-001,-1.109817115485139E-001,
1.817687980133866E+009,2.568270728857983E-001,-1.127969370913818E-001,2.568270728857983E-001,-1.127969370913818E-001,
1.855734757393946E+009,2.553422647006666E-001,-1.149400969203804E-001,2.553422647006666E-001,-1.149400969203804E-001,
1.894577907450513E+009,2.538900717777989E-001,-1.173363003606839E-001,2.538900717777989E-001,-1.173363003606839E-001,
1.934234099511226E+009,2.528805022063640E-001,-1.200481154107392E-001,2.528805022063640E-001,-1.200481154107392E-001,
1.974720351693812E+009,2.517120426102574E-001,-1.220147101869496E-001,2.517120426102574E-001,-1.220147101869496E-001,
2.016054038329243E+009,2.501933447654917E-001,-1.242039412338555E-001,2.501933447654917E-001,-1.242039412338555E-001,
2.058252897417781E+009,2.484013824290816E-001,-1.265154720601178E-001,2.484013824290816E-001,-1.265154720601178E-001,
2.101335038241093E+009,2.468157854298890E-001,-1.294104560064744E-001,2.468157854298890E-001,-1.294104560064744E-001,
2.145318949133695E+009,2.456298186001173E-001,-1.317893185245117E-001,2.456298186001173E-001,-1.317893185245117E-001,
2.190223505417061E+009,2.440110197126289E-001,-1.339630755332512E-001,2.440110197126289E-001,-1.339630755332512E-001,
2.236067977499810E+009,2.419553901348587E-001,-1.363564982841256E-001,2.419553901348587E-001,-1.363564982841256E-001,
2.282872039147435E+009,2.402707119818640E-001,-1.393688373595918E-001,2.402707119818640E-001,-1.393688373595918E-001,
2.330655775925136E+009,2.388580757592965E-001,-1.419458100486761E-001,2.388580757592965E-001,-1.419458100486761E-001,
2.379439693817366E+009,2.369267740889586E-001,-1.441024495513357E-001,2.369267740889586E-001,-1.441024495513357E-001,
2.429244728027800E+009,2.345877825475247E-001,-1.468222307778445E-001,2.345877825475247E-001,-1.468222307778445E-001,
2.480092251963504E+009,2.327521047509532E-001,-1.499681899217269E-001,2.327521047509532E-001,-1.499681899217269E-001,
2.532004086407146E+009,2.311203428053898E-001,-1.525128030627730E-001,2.311203428053898E-001,-1.525128030627730E-001,
2.585002508881200E+009,2.286926578653314E-001,-1.550553681257332E-001,2.286926578653314E-001,-1.550553681257332E-001,
2.639110263208160E+009,2.262600495434036E-001,-1.583164147234413E-001,2.262600495434036E-001,-1.583164147234413E-001,
2.694350569270853E+009,2.245115468753888E-001,-1.611619203308771E-001,2.245115468753888E-001,-1.611619203308771E-001,
2.750747132977056E+009,2.220636589955687E-001,-1.634476843127103E-001,2.220636589955687E-001,-1.634476843127103E-001,
2.808324156432685E+009,2.191740173776856E-001,-1.667720266456824E-001,2.191740173776856E-001,-1.667720266456824E-001,
2.867106348327923E+009,2.170831363873484E-001,-1.699552898227432E-001,2.170831363873484E-001,-1.699552898227432E-001,
2.927118934540746E+009,2.146547871331793E-001,-1.723632454934118E-001,2.146547871331793E-001,-1.723632454934118E-001,
2.988387668962389E+009,2.115350827882208E-001,-1.756949617051909E-001,2.115350827882208E-001,-1.756949617051909E-001,
3.050938844549417E+009,2.091787199013344E-001,-1.788184977496806E-001,2.091787199013344E-001,-1.788184977496806E-001,
3.114799304607116E+009,2.062253611149598E-001,-1.814863070265832E-001,2.062253611149598E-001,-1.814863070265832E-001,
3.179996454309075E+009,2.029888684608741E-001,-1.850574509482005E-001,2.029888684608741E-001,-1.850574509482005E-001,
3.246558272457882E+009,2.004733672805114E-001,-1.881667926272116E-001,2.004733672805114E-001,-1.881667926272116E-001,
3.314513323491987E+009,1.971926256173262E-001,-1.909803485763957E-001,1.971926256173262E-001,-1.909803485763957E-001,
3.383890769743891E+009,1.941393211838919E-001,-1.946651777838409E-001,1.941393211838919E-001,-1.946651777838409E-001,
3.454720383954909E+009,1.911386380241523E-001,-1.971938172700091E-001,1.911386380241523E-001,-1.971938172700091E-001,
3.527032562051896E+009,1.868974633629904E-001,-2.006717087093832E-001,1.868974633629904E-001,-2.006717087093832E-001,
3.600858336191391E+009,1.839168767225957E-001,-2.043183879276685E-001,1.839168767225957E-001,-2.043183879276685E-001,
3.676229388076813E+009,1.802027829692168E-001,-2.071528299229951E-001,1.802027829692168E-001,-2.071528299229951E-001,
3.753178062554387E+009,1.765121872509058E-001,-2.111169392137005E-001,1.765121872509058E-001,-2.111169392137005E-001,
3.831737381493663E+009,1.729316774401460E-001,-2.138779627361283E-001,1.729316774401460E-001,-2.138779627361283E-001,
3.911941057958573E+009,1.688514127195571E-001,-2.177865220216337E-001,1.688514127195571E-001,-2.177865220216337E-001,
3.993823510675101E+009,1.653872189353177E-001,-2.206491421522793E-001,1.653872189353177E-001,-2.206491421522793E-001,
4.077419878801790E+009,1.606411671595790E-001,-2.242283708493742E-001,1.606411671595790E-001,-2.242283708493742E-001,
4.162766037009410E+009,1.569456103001181E-001,-2.276651105253705E-001,1.569456103001181E-001,-2.276651105253705E-001,
4.249898610876274E+009,1.522934916278886E-001,-2.310527956762318E-001,1.522934916278886E-001,-2.310527956762318E-001,
4.338854992605786E+009,1.484066541837003E-001,-2.343132009132617E-001,1.484066541837003E-001,-2.343132009132617E-001,
4.429673357072994E+009,1.431353484411289E-001,-2.378071339418373E-001,1.431353484411289E-001,-2.378071339418373E-001,
4.522392678207007E+009,1.394516879523060E-001,-2.412205552745072E-001,1.394516879523060E-001,-2.412205552745072E-001,
4.617052745716332E+009,1.340758193908776E-001,-2.445137913836833E-001,1.340758193908776E-001,-2.445137913836833E-001,
4.713694182164284E+009,1.297433806607445E-001,-2.475783327604345E-001,1.297433806607445E-001,-2.475783327604345E-001,
4.812358460401814E+009,1.243110179265335E-001,-2.513793236688682E-001,1.243110179265335E-001,-2.513793236688682E-001,
4.913087921365233E+009,1.196009529667793E-001,-2.540476114019183E-001,1.196009529667793E-001,-2.540476114019183E-001,
5.015925792246465E+009,1.143888976054684E-001,-2.581513285777638E-001,1.143888976054684E-001,-2.581513285777638E-001,
5.120916205043626E+009,1.091229742397742E-001,-2.605677919357548E-001,1.091229742397742E-001,-2.605677919357548E-001,
5.228104215499899E+009,1.041192019311416E-001,-2.642366131281109E-001,1.041192019311416E-001,-2.642366131281109E-001,
5.337535822438821E+009,9.808727675441087E-002,-2.674332985807358E-001,9.808727675441087E-002,-2.674332985807358E-001,
5.449257987504287E+009,9.306363226139856E-002,-2.702673522887576E-001,9.306363226139856E-002,-2.702673522887576E-001,
5.563318655313743E+009,8.762254038493451E-002,-2.741139128666020E-001,8.762254038493451E-002,-2.741139128666020E-001,
5.679766774033207E+009,8.185116766169788E-002,-2.764921284368478E-001,8.185116766169788E-002,-2.764921284368478E-001,
5.798652316382962E+009,7.637874462536869E-002,-2.793352106074440E-001,7.637874462536869E-002,-2.793352106074440E-001,
5.920026301082923E+009,7.052096523849574E-002,-2.829310101949048E-001,7.052096523849574E-002,-2.829310101949048E-001,
6.043940814746885E+009,6.439651820991094E-002,-2.852138220651832E-001,6.439651820991094E-002,-2.852138220651832E-001,
6.170449034235055E+009,5.897715218780483E-002,-2.876188372683803E-001,5.897715218780483E-002,-2.876188372683803E-001,
6.299605249474443E+009,5.319950918271176E-002,-2.909757977765677E-001,5.319950918271176E-002,-2.909757977765677E-001,
6.431464886756929E+009,4.648934407513787E-002,-2.932196295106938E-001,4.648934407513787E-002,-2.932196295106938E-001,
6.566084532524983E+009,4.047878961710007E-002,-2.954663274901289E-001,4.047878961710007E-002,-2.954663274901289E-001,
6.703521957655251E+009,3.473643476549741E-002,-2.974927163653366E-001,3.473643476549741E-002,-2.974927163653366E-001,
6.843836142250444E+009,2.851143560102083E-002,-3.003291218318899E-001,2.851143560102083E-002,-3.003291218318899E-001,
6.987087300950141E+009,2.187468215855466E-002,-3.025135001543153E-001,2.187468215855466E-002,-3.025135001543153E-001,
7.133336908771395E+009,1.555120695868908E-002,-3.041059199010840E-001,1.555120695868908E-002,-3.041059199010840E-001,
7.282647727490209E+009,9.332927405462939E-003,-3.056513123428865E-001,9.332927405462939E-003,-3.056513123428865E-001,
7.435083832575221E+009,3.330093327389864E-003,-3.071014186486799E-001,3.330093327389864E-003,-3.071014186486799E-001,
7.590710640685147E+009,-2.483240138738342E-003,-3.090266445079217E-001,-2.483240138738342E-003,-3.090266445079217E-001,
7.749594937741785E+009,-8.967683265593607E-003,-3.101403417192886E-001,-8.967683265593607E-003,-3.101403417192886E-001,
7.911804907590622E+009,-1.498763649197465E-002,-3.116837703155125E-001,-1.498763649197465E-002,-3.116837703155125E-001,
8.077410161261354E+009,-2.159623563059024E-002,-3.127311308475210E-001,-2.159623563059024E-002,-3.127311308475210E-001,
8.246481766840870E+009,-2.762132915750341E-002,-3.136348454881255E-001,-2.762132915750341E-002,-3.136348454881255E-001,
8.419092279971513E+009,-3.393670951967816E-002,-3.144119693992278E-001,-3.393670951967816E-002,-3.144119693992278E-001,
8.595315774987719E+009,-4.002517806939290E-002,-3.147194143458984E-001,-4.002517806939290E-002,-3.147194143458984E-001,
8.775227876704388E+009,-4.626080131344958E-002,-3.149529544975290E-001,-4.626080131344958E-002,-3.149529544975290E-001,
8.958905792870632E+009,-5.215924873270676E-002,-3.148318469141241E-001,-5.215924873270676E-002,-3.148318469141241E-001,
9.146428347302822E+009,-5.796614820831710E-002,-3.139841889796030E-001,-5.796614820831710E-002,-3.139841889796030E-001,
9.337876013711161E+009,-6.412297908891175E-002,-3.144538300420396E-001,-6.412297908891175E-002,-3.144538300420396E-001,
9.533330950234287E+009,-6.988765505928932E-002,-3.127506283085531E-001,-6.988765505928932E-002,-3.127506283085531E-001,
9.732877034696749E+009,-7.566836840077167E-002,-3.115250751137321E-001,-7.566836840077167E-002,-3.115250751137321E-001,
9.936599900604454E+009,-8.201798054696288E-002,-3.102067365315687E-001,-8.201798054696288E-002,-3.102067365315687E-001,
1.014458697389356E+010,-8.813769295862180E-002,-3.088834208128760E-001,-8.813769295862180E-002,-3.088834208128760E-001,
1.035692751044859E+010,-9.461500435015996E-002,-3.078249821789753E-001,-9.461500435015996E-002,-3.078249821789753E-001,
1.057371263440579E+010,-9.977221961547075E-002,-3.065889752309101E-001,-9.977221961547075E-002,-3.065889752309101E-001,
1.079503537725833E+010,-1.055803365330238E-001,-3.044901897618607E-001,-1.055803365330238E-001,-3.044901897618607E-001,
1.102099071777997E+010,-1.107135540743406E-001,-3.019301379832934E-001,-1.107135540743406E-001,-3.019301379832934E-001,
1.125167562278435E+010,-1.169679001379735E-001,-2.996819606211634E-001,-1.169679001379735E-001,-2.996819606211634E-001,
1.148718908873753E+010,-1.233988532631316E-001,-2.978211779186984E-001,-1.233988532631316E-001,-2.978211779186984E-001,
1.172763218424143E+010,-1.289121337247166E-001,-2.940832924368215E-001,-1.289121337247166E-001,-2.940832924368215E-001,
1.197310809340661E+010,-1.363678613238721E-001,-2.921868556504186E-001,-1.363678613238721E-001,-2.921868556504186E-001,
1.222372216013282E+010,-1.410571270408521E-001,-2.892518593918568E-001,-1.410571270408521E-001,-2.892518593918568E-001,
1.247958193331646E+010,-1.484648715834032E-001,-2.854613935102794E-001,-1.484648715834032E-001,-2.854613935102794E-001,
1.274079721300426E+010,-1.544893246968646E-001,-2.844847326936210E-001,-1.544893246968646E-001,-2.844847326936210E-001,
1.300748009751303E+010,-1.611990071419430E-001,-2.802613184637546E-001,-1.611990071419430E-001,-2.802613184637546E-001,
1.327974503153573E+010,-1.681752368673166E-001,-2.781349405426635E-001,-1.681752368673166E-001,-2.781349405426635E-001,
1.355770885525442E+010,-1.747330459711514E-001,-2.747529180496491E-001,-1.747330459711514E-001,-2.747529180496491E-001,
1.384149085448120E+010,-1.808174952436521E-001,-2.723329898923711E-001,-1.808174952436521E-001,-2.723329898923711E-001,
1.413121281184877E+010,-1.887103568244354E-001,-2.700628973490741E-001,-1.887103568244354E-001,-2.700628973490741E-001,
1.442699905907235E+010,-1.955306489810872E-001,-2.665412241198691E-001,-1.955306489810872E-001,-2.665412241198691E-001,
1.472897653030561E+010,-2.018306015472386E-001,-2.646100514362679E-001,-2.018306015472386E-001,-2.646100514362679E-001,
1.503727481661337E+010,-2.093737075905868E-001,-2.624603090155160E-001,-2.093737075905868E-001,-2.624603090155160E-001,
1.535202622158452E+010,-2.166693728970695E-001,-2.587409491423482E-001,-2.166693728970695E-001,-2.587409491423482E-001,
1.567336581810895E+010,-2.233881623037383E-001,-2.561133677127000E-001,-2.233881623037383E-001,-2.561133677127000E-001,
1.600143150634299E+010,-2.299416367038433E-001,-2.544519553646047E-001,-2.299416367038433E-001,-2.544519553646047E-001,
1.633636407288800E+010,-2.370388701693647E-001,-2.522670990323522E-001,-2.370388701693647E-001,-2.522670990323522E-001,
1.667830725120785E+010,-2.442838598347152E-001,-2.508183741127653E-001,-2.442838598347152E-001,-2.508183741127653E-001,
1.702740778331081E+010,-2.511864936300740E-001,-2.492863039274639E-001,-2.511864936300740E-001,-2.492863039274639E-001,
1.738381548272271E+010,-2.568940338750932E-001,-2.464260249751789E-001,-2.568940338750932E-001,-2.464260249751789E-001,
1.774768329877812E+010,-2.631081761396055E-001,-2.438497803628213E-001,-2.631081761396055E-001,-2.438497803628213E-001,
1.811916738225725E+010,-2.685412836246550E-001,-2.410735042212913E-001,-2.685412836246550E-001,-2.410735042212913E-001,
1.849842715239673E+010,-2.726745233641511E-001,-2.391732877058980E-001,-2.726745233641511E-001,-2.391732877058980E-001,
1.888562536530301E+010,-2.775018294438225E-001,-2.356765413344715E-001,-2.775018294438225E-001,-2.356765413344715E-001,
1.928092818379779E+010,-2.826888200756914E-001,-2.317235164746277E-001,-2.826888200756914E-001,-2.317235164746277E-001,
1.968450524872536E+010,-2.875193336773519E-001,-2.289348741747113E-001,-2.875193336773519E-001,-2.289348741747113E-001,
2.009652975175254E+010,-2.893492996203984E-001,-2.279785187824767E-001,-2.893492996203984E-001,-2.279785187824767E-001,
2.051717850969239E+010,-2.913906397764771E-001,-2.229733487097423E-001,-2.913906397764771E-001,-2.229733487097423E-001,
2.094663204038366E+010,-2.960425625879994E-001,-2.201296259495613E-001,-2.960425625879994E-001,-2.201296259495613E-001,
2.138507464015848E+010,-2.959935428997529E-001,-2.165740092918335E-001,-2.959935428997529E-001,-2.165740092918335E-001,
2.183269446293157E+010,-3.011978214828663E-001,-2.129221835989381E-001,-3.011978214828663E-001,-2.129221835989381E-001,
2.228968360094489E+010,-3.030647232748628E-001,-2.112456680572531E-001,-3.030647232748628E-001,-2.112456680572531E-001,
2.275623816720238E+010,-3.068300592600118E-001,-2.066241151309043E-001,-3.068300592600118E-001,-2.066241151309043E-001,
2.323255837963022E+010,-3.084824977457747E-001,-2.040320766549355E-001,-3.084824977457747E-001,-2.040320766549355E-001,
2.371884864699861E+010,-3.140001782552904E-001,-2.022665607644650E-001,-3.140001782552904E-001,-2.022665607644650E-001,
2.421531765664209E+010,-3.189803946939019E-001,-2.025918271736467E-001,-3.189803946939019E-001,-2.025918271736467E-001,
2.472217846401591E+010,-3.232633750617710E-001,-2.005817714525127E-001,-3.232633750617710E-001,-2.005817714525127E-001,
2.523964858412701E+010,-3.307411335804024E-001,-2.012094488042891E-001,-3.307411335804024E-001,-2.012094488042891E-001,
2.576795008487867E+010,-3.374242288396122E-001,-2.015358425324054E-001,-3.374242288396122E-001,-2.015358425324054E-001,
2.630730968236913E+010,-3.427839326753415E-001,-2.020089678657092E-001,-3.427839326753415E-001,-2.020089678657092E-001,
2.685795883818483E+010,-3.475925119797090E-001,-2.085309560361742E-001,-3.475925119797090E-001,-2.085309560361742E-001,
2.742013385873019E+010,-3.509024272482689E-001,-2.162129256761964E-001,-3.509024272482689E-001,-2.162129256761964E-001,
2.799407599663654E+010,-3.522500803172419E-001,-2.213350681057058E-001,-3.522500803172419E-001,-2.213350681057058E-001,
2.858003155429355E+010,-3.558085611753530E-001,-2.244393077429861E-001,-3.558085611753530E-001,-2.244393077429861E-001,
2.917825198954789E+010,-3.575947606982764E-001,-2.362761853377553E-001,-3.575947606982764E-001,-2.362761853377553E-001,
2.978899402361419E+010,-3.507551617050507E-001,-2.461276938702391E-001,-3.507551617050507E-001,-2.461276938702391E-001,
3.041251975124476E+010,-3.491747651935239E-001,-2.459178189152414E-001,-3.491747651935239E-001,-2.459178189152414E-001,
3.104909675320535E+010,-3.412143331253068E-001,-2.511152594768222E-001,-3.412143331253068E-001,-2.511152594768222E-001,
3.169899821110511E+010,-3.359927149437763E-001,-2.545925982078293E-001,-3.359927149437763E-001,-2.545925982078293E-001,
3.236250302463025E+010,-3.215440282023889E-001,-2.556691138358913E-001,-3.215440282023889E-001,-2.556691138358913E-001,
3.303989593123136E+010,-3.112970590346047E-001,-2.551298559426359E-001,-3.112970590346047E-001,-2.551298559426359E-001,
3.373146762831615E+010,-2.986131624372987E-001,-2.535208823165575E-001,-2.986131624372987E-001,-2.535208823165575E-001,
3.443751489799971E+010,-2.905754881761234E-001,-2.447453859089841E-001,-2.905754881761234E-001,-2.447453859089841E-001,
3.515834073446610E+010,-2.814980806962819E-001,-2.401573355150583E-001,-2.814980806962819E-001,-2.401573355150583E-001,
3.589425447399565E+010,-2.781042520763160E-001,-2.316313653873450E-001,-2.781042520763160E-001,-2.316313653873450E-001,
3.664557192771407E+010,-2.654650644630204E-001,-2.250267986672810E-001,-2.654650644630204E-001,-2.250267986672810E-001,
3.741261551712006E+010,-2.701962026262335E-001,-2.147560632527544E-001,-2.701962026262335E-001,-2.147560632527544E-001,
3.819571441244975E+010,-2.673412104952409E-001,-2.177016569675383E-001,-2.673412104952409E-001,-2.177016569675383E-001,
3.899520467393736E+010,-2.683274382434768E-001,-2.107161145742045E-001,-2.683274382434768E-001,-2.107161145742045E-001,
3.981142939603255E+010,-2.702570636394971E-001,-2.129485497843854E-001,-2.702570636394971E-001,-2.129485497843854E-001,
4.064473885463650E+010,-2.685700365533405E-001,-2.101261760608398E-001,-2.685700365533405E-001,-2.101261760608398E-001,
4.149549065741983E+010,-2.620796628809053E-001,-2.121274141886186E-001,-2.620796628809053E-001,-2.121274141886186E-001,
4.236404989728691E+010,-2.522747301166631E-001,-2.151876772221271E-001,-2.522747301166631E-001,-2.151876772221271E-001,
4.325078930905235E+010,-2.421009328238544E-001,-2.130153536424339E-001,-2.421009328238544E-001,-2.130153536424339E-001,
4.415608942939697E+010,-2.288097902697630E-001,-2.086129699752742E-001,-2.288097902697630E-001,-2.086129699752742E-001,
4.508033876017195E+010,-2.143076584707792E-001,-1.915679445016913E-001,-2.143076584707792E-001,-1.915679445016913E-001,
4.602393393512102E+010,-2.046415610359037E-001,-1.653283998708879E-001,-2.046415610359037E-001,-1.653283998708879E-001,
4.698727989009248E+010,-2.004658117130824E-001,-1.481788185995136E-001,-2.004658117130824E-001,-1.481788185995136E-001,
4.797079003681400E+010,-1.971398739804182E-001,-1.153821125821477E-001,-1.971398739804182E-001,-1.153821125821477E-001,
4.897488644030473E+010,-2.036702410169881E-001,-9.011170453789616E-002,-2.036702410169881E-001,-9.011170453789616E-002,
5.000000000000000E+010,-2.203356736352669E-001,-5.846238799588906E-002,-2.203356736352669E-001,-5.846238799588906E-002,
