% Version 1.00
%
%freq[Hz],re:Trc1_S11,im:Trc1_S11,re:Trc2_S11,im:Trc2_S11,
1.000000000000000E+008,8.152431928264884E-001,-1.889153144042843E-002,8.152431928264884E-001,-1.889153144042843E-002,
1.020931412693436E+008,8.151900172006505E-001,-1.915214570915866E-002,8.151900172006505E-001,-1.915214570915866E-002,
1.042300949424215E+008,8.151259637441974E-001,-1.965644415417651E-002,8.151259637441974E-001,-1.965644415417651E-002,
1.064117780747374E+008,8.152081599631857E-001,-2.015444623116964E-002,8.152081599631857E-001,-2.015444623116964E-002,
1.086391269170620E+008,8.151926618161947E-001,-2.041994269288189E-002,8.151926618161947E-001,-2.041994269288189E-002,
1.109130973172177E+008,8.152100533301780E-001,-2.073218341849020E-002,8.152100533301780E-001,-2.073218341849020E-002,
1.132346651302716E+008,8.151004497120344E-001,-2.115346168871336E-002,8.151004497120344E-001,-2.115346168871336E-002,
1.156048266373163E+008,8.151605516104221E-001,-2.187772442867474E-002,8.151605516104221E-001,-2.187772442867474E-002,
1.180245989730151E+008,8.151720910965037E-001,-2.207664878508781E-002,8.151720910965037E-001,-2.207664878508781E-002,
1.204950205620966E+008,8.149591002329321E-001,-2.272598540360543E-002,8.149591002329321E-001,-2.272598540360543E-002,
1.230171515649859E+008,8.150386285464399E-001,-2.288712778799056E-002,8.150386285464399E-001,-2.288712778799056E-002,
1.255920743327636E+008,8.151369639424221E-001,-2.343314952785653E-002,8.151369639424221E-001,-2.343314952785653E-002,
1.282208938716474E+008,8.150646284206463E-001,-2.388200748038079E-002,8.150646284206463E-001,-2.388200748038079E-002,
1.309047383171961E+008,8.150381503583448E-001,-2.430033077100435E-002,8.150381503583448E-001,-2.430033077100435E-002,
1.336447594184396E+008,8.150311869176155E-001,-2.486054877035506E-002,8.150311869176155E-001,-2.486054877035506E-002,
1.364421330321420E+008,8.150245351652126E-001,-2.525559549794667E-002,8.150245351652126E-001,-2.525559549794667E-002,
1.392980596274105E+008,8.149944185072573E-001,-2.578782893362290E-002,8.149944185072573E-001,-2.578782893362290E-002,
1.422137648008667E+008,8.149075009310344E-001,-2.617761317824786E-002,8.149075009310344E-001,-2.617761317824786E-002,
1.451904998026009E+008,8.148576642158716E-001,-2.692101568916470E-002,8.148576642158716E-001,-2.692101568916470E-002,
1.482295420731354E+008,8.148679820184959E-001,-2.736987174091211E-002,8.148679820184959E-001,-2.736987174091211E-002,
1.513321957916272E+008,8.147757440813572E-001,-2.773099288186818E-002,8.147757440813572E-001,-2.773099288186818E-002,
1.544997924355456E+008,8.147212716146621E-001,-2.837760653669232E-002,8.147212716146621E-001,-2.837760653669232E-002,
1.577336913520643E+008,8.147172146732448E-001,-2.908781741175004E-002,8.147172146732448E-001,-2.908781741175004E-002,
1.610352803414134E+008,8.146675779869240E-001,-2.956455418615292E-002,8.146675779869240E-001,-2.956455418615292E-002,
1.644059762524427E+008,8.145488070685856E-001,-3.003689714033898E-002,8.145488070685856E-001,-3.003689714033898E-002,
1.678472255906498E+008,8.146451627489769E-001,-3.070506899827786E-002,8.146451627489769E-001,-3.070506899827786E-002,
1.713605051389360E+008,8.145539723214731E-001,-3.132802554520574E-002,8.145539723214731E-001,-3.132802554520574E-002,
1.749473225913547E+008,8.145376803979783E-001,-3.185841296213825E-002,8.145376803979783E-001,-3.185841296213825E-002,
1.786092172001261E+008,8.143327702469438E-001,-3.241232228356531E-002,8.143327702469438E-001,-3.241232228356531E-002,
1.823477604361935E+008,8.144036541069788E-001,-3.300995900986670E-002,8.144036541069788E-001,-3.300995900986670E-002,
1.861645566636073E+008,8.142554732072291E-001,-3.372175415476562E-002,8.142554732072291E-001,-3.372175415476562E-002,
1.900612438280239E+008,8.142478634672286E-001,-3.432858488794761E-002,8.142478634672286E-001,-3.432858488794761E-002,
1.940394941596160E+008,8.140951768177250E-001,-3.496139314934076E-002,8.140951768177250E-001,-3.496139314934076E-002,
1.981010148906965E+008,8.140587261415681E-001,-3.561789739092514E-002,8.140587261415681E-001,-3.561789739092514E-002,
2.022475489883622E+008,8.139697795060895E-001,-3.627862230087689E-002,8.139697795060895E-001,-3.627862230087689E-002,
2.064808759024735E+008,8.139194581692686E-001,-3.701728396742742E-002,8.139194581692686E-001,-3.701728396742742E-002,
2.108028123292904E+008,8.139466416467350E-001,-3.782137294682593E-002,8.139466416467350E-001,-3.782137294682593E-002,
2.152152129910917E+008,8.136968028426788E-001,-3.850862612566430E-002,8.136968028426788E-001,-3.850862612566430E-002,
2.197199714321140E+008,8.135865722441219E-001,-3.936608556283924E-002,8.135865722441219E-001,-3.936608556283924E-002,
2.243190208311496E+008,8.136039890214861E-001,-4.005341072025103E-002,8.136039890214861E-001,-4.005341072025103E-002,
2.290143348311539E+008,8.135687061110652E-001,-4.088557276259165E-002,8.135687061110652E-001,-4.088557276259165E-002,
2.338079283862175E+008,8.135153894178833E-001,-4.168017495804789E-002,8.135153894178833E-001,-4.168017495804789E-002,
2.387018586262668E+008,8.133243397492911E-001,-4.268084270442417E-002,8.133243397492911E-001,-4.268084270442417E-002,
2.436982257398635E+008,8.133133184696331E-001,-4.343933691133296E-002,8.133133184696331E-001,-4.343933691133296E-002,
2.487991738754827E+008,8.131964408001218E-001,-4.434823913143045E-002,8.131964408001218E-001,-4.434823913143045E-002,
2.540068920616564E+008,8.130422225379975E-001,-4.530468162501042E-002,8.130422225379975E-001,-4.530468162501042E-002,
2.593236151463760E+008,8.129637719919762E-001,-4.637422791831588E-002,8.129637719919762E-001,-4.637422791831588E-002,
2.647516247561587E+008,8.129441719600374E-001,-4.718925931576200E-002,8.129441719600374E-001,-4.718925931576200E-002,
2.702932502751876E+008,8.128294943829614E-001,-4.838167619583254E-002,8.128294943829614E-001,-4.838167619583254E-002,
2.759508698449477E+008,8.126982709441784E-001,-4.929894891894641E-002,8.126982709441784E-001,-4.929894891894641E-002,
2.817269113847850E+008,8.125731812957486E-001,-5.042616743259506E-002,8.125731812957486E-001,-5.042616743259506E-002,
2.876238536338270E+008,8.124480082133754E-001,-5.145901068534496E-002,8.124480082133754E-001,-5.145901068534496E-002,
2.936442272147132E+008,8.123403120204586E-001,-5.237118434927470E-002,8.123403120204586E-001,-5.237118434927470E-002,
2.997906157195895E+008,8.122749197616254E-001,-5.350896820875280E-002,8.122749197616254E-001,-5.350896820875280E-002,
3.060656568188355E+008,8.121473628660121E-001,-5.448725627099835E-002,8.121473628660121E-001,-5.448725627099835E-002,
3.124720433929982E+008,8.120838807702641E-001,-5.565597922044727E-002,8.120838807702641E-001,-5.565597922044727E-002,
3.190125246884183E+008,8.118874618930149E-001,-5.678269035946208E-002,8.118874618930149E-001,-5.678269035946208E-002,
3.256899074970465E+008,8.118226058764965E-001,-5.797781347341037E-002,8.118226058764965E-001,-5.797781347341037E-002,
3.325070573609542E+008,8.117330816798681E-001,-5.893847935449757E-002,8.117330816798681E-001,-5.893847935449757E-002,
3.394668998020564E+008,8.115999927218170E-001,-6.020043928374629E-002,8.115999927218170E-001,-6.020043928374629E-002,
3.465724215775746E+008,8.114550684187464E-001,-6.143000737135011E-002,8.114550684187464E-001,-6.143000737135011E-002,
3.538266719617783E+008,8.112797518103594E-001,-6.265220553268339E-002,8.112797518103594E-001,-6.265220553268339E-002,
3.612327640545553E+008,8.111371902864276E-001,-6.389248641801973E-002,8.111371902864276E-001,-6.389248641801973E-002,
3.687938761173719E+008,8.109819804446612E-001,-6.517676103580029E-002,8.109819804446612E-001,-6.517676103580029E-002,
3.765132529371966E+008,8.107511075759855E-001,-6.634988468288972E-002,8.107511075759855E-001,-6.634988468288972E-002,
3.843942072189731E+008,8.105158406381965E-001,-6.767025709006233E-002,8.105158406381965E-001,-6.767025709006233E-002,
3.924401210072396E+008,8.103028366498395E-001,-6.909811943503769E-002,8.103028366498395E-001,-6.909811943503769E-002,
4.006544471375042E+008,8.101046958724238E-001,-7.041640566078052E-002,8.101046958724238E-001,-7.041640566078052E-002,
4.090407107179998E+008,8.098885620751235E-001,-7.190061526074046E-002,8.098885620751235E-001,-7.190061526074046E-002,
4.176025106424546E+008,8.097136438874002E-001,-7.350761636970524E-002,8.097136438874002E-001,-7.350761636970524E-002,
4.263435211345269E+008,8.094161414365014E-001,-7.511253863536256E-002,8.094161414365014E-001,-7.511253863536256E-002,
4.352674933245664E+008,8.091354340878522E-001,-7.656666851579580E-002,8.091354340878522E-001,-7.656666851579580E-002,
4.443782568593804E+008,8.088351091491135E-001,-7.819683966080890E-002,8.088351091491135E-001,-7.819683966080890E-002,
4.536797215456938E+008,8.085134667973465E-001,-7.979215124149711E-002,8.085134667973465E-001,-7.979215124149711E-002,
4.631758790280099E+008,8.082703318791733E-001,-8.136553399043328E-002,8.082703318791733E-001,-8.136553399043328E-002,
4.728708045015902E+008,8.080539985225589E-001,-8.310722090000992E-002,8.080539985225589E-001,-8.310722090000992E-002,
4.827686584612901E+008,8.077518858717890E-001,-8.482847592790330E-002,8.077518858717890E-001,-8.482847592790330E-002,
4.928736884869999E+008,8.076261437200961E-001,-8.661399885166680E-002,8.076261437200961E-001,-8.661399885166680E-002,
5.031902310664573E+008,8.075253525618452E-001,-8.835523270037379E-002,8.075253525618452E-001,-8.835523270037379E-002,
5.137227134562149E+008,8.072944923143830E-001,-9.009252081827868E-002,8.072944923143830E-001,-9.009252081827868E-002,
5.244756555815587E+008,8.068881882131638E-001,-9.193324981833374E-002,8.068881882131638E-001,-9.193324981833374E-002,
5.354536719761968E+008,8.065133462349610E-001,-9.366461451447478E-002,8.065133462349610E-001,-9.366461451447478E-002,
5.466614737625463E+008,8.061583769350685E-001,-9.549753623561137E-002,8.061583769350685E-001,-9.549753623561137E-002,
5.581038706734722E+008,8.057853283997978E-001,-9.743305988897197E-002,8.057853283997978E-001,-9.743305988897197E-002,
5.697857731163427E+008,8.054645263470472E-001,-9.939727360439646E-002,8.054645263470472E-001,-9.939727360439646E-002,
5.817121942802894E+008,8.052171513876507E-001,-1.014162598316496E-001,8.052171513876507E-001,-1.014162598316496E-001,
5.938882522875744E+008,8.047043209002722E-001,-1.036427088947823E-001,8.047043209002722E-001,-1.036427088947823E-001,
6.063191723899891E+008,8.041377718715148E-001,-1.055729539310055E-001,8.041377718715148E-001,-1.055729539310055E-001,
6.190102892112266E+008,8.034998351140728E-001,-1.076395046944904E-001,8.034998351140728E-001,-1.076395046944904E-001,
6.319670490361900E+008,8.029389070557693E-001,-1.098403613105030E-001,8.029389070557693E-001,-1.098403613105030E-001,
6.451950121482195E+008,8.024426788082493E-001,-1.122876490157171E-001,8.024426788082493E-001,-1.122876490157171E-001,
6.586998552152404E+008,8.020670011557508E-001,-1.149168670599068E-001,8.020670011557508E-001,-1.149168670599068E-001,
6.724873737258571E+008,8.017215721043252E-001,-1.170841246300163E-001,8.017215721043252E-001,-1.170841246300163E-001,
6.865634844764381E+008,8.011578145903660E-001,-1.192269564770888E-001,8.011578145903660E-001,-1.192269564770888E-001,
7.009342281102579E+008,8.006455752755660E-001,-1.215260483976764E-001,8.006455752755660E-001,-1.215260483976764E-001,
7.156057717097888E+008,8.001123798064656E-001,-1.239888204549186E-001,8.001123798064656E-001,-1.239888204549186E-001,
7.305844114432513E+008,7.996885419248931E-001,-1.266701933268736E-001,7.996885419248931E-001,-1.266701933268736E-001,
7.458765752665610E+008,7.992611827639953E-001,-1.293415176959977E-001,7.992611827639953E-001,-1.293415176959977E-001,
7.614888256818322E+008,7.981944027806071E-001,-1.318048165440296E-001,7.981944027806071E-001,-1.318048165440296E-001,
7.774278625536187E+008,7.972884532386160E-001,-1.339793217485681E-001,7.972884532386160E-001,-1.339793217485681E-001,
7.937005259841044E+008,7.963292922125578E-001,-1.367779553432446E-001,7.963292922125578E-001,-1.367779553432446E-001,
8.103137992484750E+008,7.955277176865285E-001,-1.398131120013013E-001,7.955277176865285E-001,-1.398131120013013E-001,
8.272748117917309E+008,7.949747173093640E-001,-1.428599481989049E-001,7.949747173093640E-001,-1.428599481989049E-001,
8.445908422882283E+008,7.941728755931434E-001,-1.457761140068892E-001,7.941728755931434E-001,-1.457761140068892E-001,
8.622693217652600E+008,7.933782056664922E-001,-1.484216537608622E-001,7.933782056664922E-001,-1.484216537608622E-001,
8.803178367920179E+008,7.926431368223568E-001,-1.514208463158096E-001,7.926431368223568E-001,-1.514208463158096E-001,
8.987441327353046E+008,7.921536646984660E-001,-1.544430199486251E-001,7.921536646984660E-001,-1.544430199486251E-001,
9.175561170833916E+008,7.910950849580181E-001,-1.572955691018965E-001,7.910950849580181E-001,-1.572955691018965E-001,
9.367618628394508E+008,7.897601886508376E-001,-1.600251122006464E-001,7.897601886508376E-001,-1.600251122006464E-001,
9.563696119860154E+008,7.884161766095778E-001,-1.633908363883644E-001,7.884161766095778E-001,-1.633908363883644E-001,
9.763877790219561E+008,7.874052881480043E-001,-1.669234703132165E-001,7.874052881480043E-001,-1.669234703132165E-001,
9.968249545734922E+008,7.861801716067127E-001,-1.703652375465095E-001,7.861801716067127E-001,-1.703652375465095E-001,
1.017689909080786E+009,7.848251673224768E-001,-1.735317748128794E-001,7.848251673224768E-001,-1.735317748128794E-001,
1.038991596561701E+009,7.837323084283024E-001,-1.773813223349153E-001,7.837323084283024E-001,-1.773813223349153E-001,
1.060739158454346E+009,7.833800093649052E-001,-1.810225005181096E-001,7.833800093649052E-001,-1.810225005181096E-001,
1.082941927540042E+009,7.817449359691250E-001,-1.839145086710929E-001,7.817449359691250E-001,-1.839145086710929E-001,
1.105609431948408E+009,7.800936880822258E-001,-1.870407908068964E-001,7.800936880822258E-001,-1.870407908068964E-001,
1.128751399246275E+009,7.783933738123838E-001,-1.910385898084102E-001,7.783933738123838E-001,-1.910385898084102E-001,
1.152377760612193E+009,7.768629234388300E-001,-1.948842457436320E-001,7.768629234388300E-001,-1.948842457436320E-001,
1.176498655098304E+009,7.750081243561398E-001,-1.985631670909519E-001,7.750081243561398E-001,-1.985631670909519E-001,
1.201124433981439E+009,7.734864474037030E-001,-2.030161248669075E-001,7.734864474037030E-001,-2.030161248669075E-001,
1.226265665205275E+009,7.726271214468538E-001,-2.070798034226456E-001,7.726271214468538E-001,-2.070798034226456E-001,
1.251933137915478E+009,7.706113650438596E-001,-2.101676489645660E-001,7.706113650438596E-001,-2.101676489645660E-001,
1.278137867089775E+009,7.686035135464417E-001,-2.139764107579772E-001,7.686035135464417E-001,-2.139764107579772E-001,
1.304891098264939E+009,7.666169392470339E-001,-2.180424342620838E-001,7.666169392470339E-001,-2.180424342620838E-001,
1.332204312362714E+009,7.641061263401829E-001,-2.218582268191359E-001,7.641061263401829E-001,-2.218582268191359E-001,
1.360089230616753E+009,7.618055885449915E-001,-2.269992273602492E-001,7.618055885449915E-001,-2.269992273602492E-001,
1.388557819602690E+009,7.607425618819679E-001,-2.317183905348996E-001,7.607425618819679E-001,-2.317183905348996E-001,
1.417622296373492E+009,7.583453293065430E-001,-2.354172514213599E-001,7.583453293065430E-001,-2.354172514213599E-001,
1.447295133702302E+009,7.561980995333284E-001,-2.399385862331472E-001,7.561980995333284E-001,-2.399385862331472E-001,
1.477589065435027E+009,7.538883288548464E-001,-2.436759415987182E-001,7.538883288548464E-001,-2.436759415987182E-001,
1.508517091954956E+009,7.505673271923761E-001,-2.481840214825456E-001,7.505673271923761E-001,-2.481840214825456E-001,
1.540092485761767E+009,7.483348737745087E-001,-2.541181134343856E-001,7.483348737745087E-001,-2.541181134343856E-001,
1.572328797167307E+009,7.457431825842016E-001,-2.584783852160464E-001,7.457431825842016E-001,-2.584783852160464E-001,
1.605239860110590E+009,7.435335481032532E-001,-2.635920440198816E-001,7.435335481032532E-001,-2.635920440198816E-001,
1.638839798094518E+009,7.407074978700032E-001,-2.673558592112836E-001,7.407074978700032E-001,-2.673558592112836E-001,
1.673143030246862E+009,7.370392006489716E-001,-2.721394444162892E-001,7.370392006489716E-001,-2.721394444162892E-001,
1.708164277508106E+009,7.340666096177764E-001,-2.776278070270045E-001,7.340666096177764E-001,-2.776278070270045E-001,
1.743918568948813E+009,7.306283657016668E-001,-2.827411814434488E-001,7.306283657016668E-001,-2.827411814434488E-001,
1.780421248219227E+009,7.284896984883742E-001,-2.881861956656643E-001,7.284896984883742E-001,-2.881861956656643E-001,
1.817687980133866E+009,7.246649625000652E-001,-2.921344575938031E-001,7.246649625000652E-001,-2.921344575938031E-001,
1.855734757393946E+009,7.207945267242489E-001,-2.975114807256600E-001,7.207945267242489E-001,-2.975114807256600E-001,
1.894577907450513E+009,7.164859613503700E-001,-3.024843400203482E-001,7.164859613503700E-001,-3.024843400203482E-001,
1.934234099511226E+009,7.133978623280780E-001,-3.094431101228624E-001,7.133978623280780E-001,-3.094431101228624E-001,
1.974720351693812E+009,7.098203047609434E-001,-3.134830581153307E-001,7.098203047609434E-001,-3.134830581153307E-001,
2.016054038329243E+009,7.060639412231240E-001,-3.192775271034717E-001,7.060639412231240E-001,-3.192775271034717E-001,
2.058252897417781E+009,7.009916177330844E-001,-3.240114485780803E-001,7.009916177330844E-001,-3.240114485780803E-001,
2.101335038241093E+009,6.965935967429510E-001,-3.305840452910271E-001,6.965935967429510E-001,-3.305840452910271E-001,
2.145318949133695E+009,6.921559479964923E-001,-3.358004883817389E-001,6.921559479964923E-001,-3.358004883817389E-001,
2.190223505417061E+009,6.880228936372433E-001,-3.409156649702574E-001,6.880228936372433E-001,-3.409156649702574E-001,
2.236067977499810E+009,6.823196604121511E-001,-3.463074982255701E-001,6.823196604121511E-001,-3.463074982255701E-001,
2.282872039147435E+009,6.775679195797193E-001,-3.523103063813058E-001,6.775679195797193E-001,-3.523103063813058E-001,
2.330655775925136E+009,6.728537140740205E-001,-3.584310190982640E-001,6.728537140740205E-001,-3.584310190982640E-001,
2.379439693817366E+009,6.675499700369446E-001,-3.632636787331328E-001,6.675499700369446E-001,-3.632636787331328E-001,
2.429244728027800E+009,6.618492104101239E-001,-3.690244196536445E-001,6.618492104101239E-001,-3.690244196536445E-001,
2.480092251963504E+009,6.559821868923950E-001,-3.756150978351284E-001,6.559821868923950E-001,-3.756150978351284E-001,
2.532004086407146E+009,6.508607319951255E-001,-3.811226994420551E-001,6.508607319951255E-001,-3.811226994420551E-001,
2.585002508881200E+009,6.449241079639506E-001,-3.865415103988119E-001,6.449241079639506E-001,-3.865415103988119E-001,
2.639110263208160E+009,6.380130576397231E-001,-3.932136464218442E-001,6.380130576397231E-001,-3.932136464218442E-001,
2.694350569270853E+009,6.323180156789318E-001,-3.989312917473050E-001,6.323180156789318E-001,-3.989312917473050E-001,
2.750747132977056E+009,6.260639775831725E-001,-4.039151380836148E-001,6.260639775831725E-001,-4.039151380836148E-001,
2.808324156432685E+009,6.188259309861592E-001,-4.106481657573828E-001,6.188259309861592E-001,-4.106481657573828E-001,
2.867106348327923E+009,6.120730069904161E-001,-4.167157723516451E-001,6.120730069904161E-001,-4.167157723516451E-001,
2.927118934540746E+009,6.054577516604397E-001,-4.216469174154945E-001,6.054577516604397E-001,-4.216469174154945E-001,
2.988387668962389E+009,5.977364094364188E-001,-4.281868783175130E-001,5.977364094364188E-001,-4.281868783175130E-001,
3.050938844549417E+009,5.905589814541256E-001,-4.341155798591133E-001,5.905589814541256E-001,-4.341155798591133E-001,
3.114799304607116E+009,5.829208590378168E-001,-4.392993844775147E-001,5.829208590378168E-001,-4.392993844775147E-001,
3.179996454309075E+009,5.746169211130343E-001,-4.457400197479763E-001,5.746169211130343E-001,-4.457400197479763E-001,
3.246558272457882E+009,5.673856204263921E-001,-4.511036311557261E-001,5.673856204263921E-001,-4.511036311557261E-001,
3.314513323491987E+009,5.588230832095253E-001,-4.562433043548606E-001,5.588230832095253E-001,-4.562433043548606E-001,
3.383890769743891E+009,5.506921150410399E-001,-4.627390293541811E-001,5.506921150410399E-001,-4.627390293541811E-001,
3.454720383954909E+009,5.424508049724148E-001,-4.673361501598889E-001,5.424508049724148E-001,-4.673361501598889E-001,
3.527032562051896E+009,5.322826159688844E-001,-4.734362233461895E-001,5.322826159688844E-001,-4.734362233461895E-001,
3.600858336191391E+009,5.240316082621601E-001,-4.793355399226645E-001,5.240316082621601E-001,-4.793355399226645E-001,
3.676229388076813E+009,5.143887564535988E-001,-4.837070811546855E-001,5.143887564535988E-001,-4.837070811546855E-001,
3.753178062554387E+009,5.047143861904341E-001,-4.904541633225623E-001,5.047143861904341E-001,-4.904541633225623E-001,
3.831737381493663E+009,4.956584436496413E-001,-4.943890064499462E-001,4.956584436496413E-001,-4.943890064499462E-001,
3.911941057958573E+009,4.850456613780264E-001,-5.003671948094212E-001,4.850456613780264E-001,-5.003671948094212E-001,
3.993823510675101E+009,4.762902589386155E-001,-5.047017438363397E-001,4.762902589386155E-001,-5.047017438363397E-001,
4.077419878801790E+009,4.646380376308328E-001,-5.096535533370478E-001,4.646380376308328E-001,-5.096535533370478E-001,
4.162766037009410E+009,4.552534264993601E-001,-5.144270909553013E-001,4.552534264993601E-001,-5.144270909553013E-001,
4.249898610876274E+009,4.436403361664741E-001,-5.185206388494900E-001,4.436403361664741E-001,-5.185206388494900E-001,
4.338854992605786E+009,4.339719675035648E-001,-5.232083872912581E-001,4.339719675035648E-001,-5.232083872912581E-001,
4.429673357072994E+009,4.214980016634934E-001,-5.271158651404813E-001,4.214980016634934E-001,-5.271158651404813E-001,
4.522392678207007E+009,4.119327268448524E-001,-5.316444201353451E-001,4.119327268448524E-001,-5.316444201353451E-001,
4.617052745716332E+009,3.996660573170192E-001,-5.353955578040954E-001,3.996660573170192E-001,-5.353955578040954E-001,
4.713694182164284E+009,3.891726069088167E-001,-5.390420013357703E-001,3.891726069088167E-001,-5.390420013357703E-001,
4.812358460401814E+009,3.767160500600983E-001,-5.429217854149159E-001,3.767160500600983E-001,-5.429217854149159E-001,
4.913087921365233E+009,3.654852205352686E-001,-5.457902885297016E-001,3.654852205352686E-001,-5.457902885297016E-001,
5.015925792246465E+009,3.534119499671251E-001,-5.497216326585547E-001,3.534119499671251E-001,-5.497216326585547E-001,
5.120916205043626E+009,3.417233455948635E-001,-5.519505602969106E-001,3.417233455948635E-001,-5.519505602969106E-001,
5.228104215499899E+009,3.298125173135787E-001,-5.551936473487233E-001,3.298125173135787E-001,-5.551936473487233E-001,
5.337535822438821E+009,3.172484911353328E-001,-5.577976749418584E-001,3.172484911353328E-001,-5.577976749418584E-001,
5.449257987504287E+009,3.056372259102476E-001,-5.599011963425542E-001,3.056372259102476E-001,-5.599011963425542E-001,
5.563318655313743E+009,2.935121956888873E-001,-5.627422197936891E-001,2.935121956888873E-001,-5.627422197936891E-001,
5.679766774033207E+009,2.813759915428400E-001,-5.639297119813382E-001,2.813759915428400E-001,-5.639297119813382E-001,
5.798652316382962E+009,2.694107765276388E-001,-5.657999121227714E-001,2.694107765276388E-001,-5.657999121227714E-001,
5.920026301082923E+009,2.567355555431312E-001,-5.677391161058923E-001,2.567355555431312E-001,-5.677391161058923E-001,
6.043940814746885E+009,2.443516806209105E-001,-5.682912409485470E-001,2.443516806209105E-001,-5.682912409485470E-001,
6.170449034235055E+009,2.325284345982778E-001,-5.690259953229577E-001,2.325284345982778E-001,-5.690259953229577E-001,
6.299605249474443E+009,2.202339701264474E-001,-5.704813892312906E-001,2.202339701264474E-001,-5.704813892312906E-001,
6.431464886756929E+009,2.071194757143255E-001,-5.707339095381305E-001,2.071194757143255E-001,-5.707339095381305E-001,
6.566084532524983E+009,1.947272009844175E-001,-5.709371501628273E-001,1.947272009844175E-001,-5.709371501628273E-001,
6.703521957655251E+009,1.825254792700324E-001,-5.706902409851766E-001,1.825254792700324E-001,-5.706902409851766E-001,
6.843836142250444E+009,1.700801539269090E-001,-5.706901554501469E-001,1.700801539269090E-001,-5.706901554501469E-001,
6.987087300950141E+009,1.572229515583868E-001,-5.702468609542513E-001,1.572229515583868E-001,-5.702468609542513E-001,
7.133336908771395E+009,1.447969981711711E-001,-5.690295328539821E-001,1.447969981711711E-001,-5.690295328539821E-001,
7.282647727490209E+009,1.327770531282953E-001,-5.674996656291745E-001,1.327770531282953E-001,-5.674996656291745E-001,
7.435083832575221E+009,1.208549327726362E-001,-5.656006200091621E-001,1.208549327726362E-001,-5.656006200091621E-001,
7.590710640685147E+009,1.093770582013774E-001,-5.639673496104616E-001,1.093770582013774E-001,-5.639673496104616E-001,
7.749594937741785E+009,9.753782983246001E-002,-5.614685862853298E-001,9.753782983246001E-002,-5.614685862853298E-001,
7.911804907590622E+009,8.621121444604174E-002,-5.590980431543554E-001,8.621121444604174E-002,-5.590980431543554E-001,
8.077410161261354E+009,7.443643201386041E-002,-5.562136838557293E-001,7.443643201386041E-002,-5.562136838557293E-001,
8.246481766840870E+009,6.351589180943745E-002,-5.530482738489825E-001,6.351589180943745E-002,-5.530482738489825E-001,
8.419092279971513E+009,5.245535203990823E-002,-5.497547610018976E-001,5.245535203990823E-002,-5.497547610018976E-001,
8.595315774987719E+009,4.182569168301314E-002,-5.459124467678158E-001,4.182569168301314E-002,-5.459124467678158E-001,
8.775227876704388E+009,3.123344486940832E-002,-5.418142905422732E-001,3.123344486940832E-002,-5.418142905422732E-001,
8.958905792870632E+009,2.122237808659766E-002,-5.372365515021219E-001,2.122237808659766E-002,-5.372365515021219E-001,
9.146428347302822E+009,1.150743021873106E-002,-5.320025183824804E-001,1.150743021873106E-002,-5.320025183824804E-001,
9.337876013711161E+009,1.475702010087297E-003,-5.279080629418171E-001,1.475702010087297E-003,-5.279080629418171E-001,
9.533330950234287E+009,-7.943862020080145E-003,-5.218041013180769E-001,-7.943862020080145E-003,-5.218041013180769E-001,
9.732877034696749E+009,-1.717991977234277E-002,-5.161906126982383E-001,-1.717991977234277E-002,-5.161906126982383E-001,
9.936599900604454E+009,-2.683243094432431E-002,-5.104465856254870E-001,-2.683243094432431E-002,-5.104465856254870E-001,
1.014458697389356E+010,-3.599387610983140E-002,-5.047102071181593E-001,-3.599387610983140E-002,-5.047102071181593E-001,
1.035692751044859E+010,-4.524960302773015E-002,-4.992652504152982E-001,-4.524960302773015E-002,-4.992652504152982E-001,
1.057371263440579E+010,-5.289749972859774E-002,-4.935398597869689E-001,-5.289749972859774E-002,-4.935398597869689E-001,
1.079503537725833E+010,-6.121847552420629E-002,-4.871158078443851E-001,-6.121847552420629E-002,-4.871158078443851E-001,
1.102099071777997E+010,-6.858902049970803E-002,-4.801477180090108E-001,-6.858902049970803E-002,-4.801477180090108E-001,
1.125167562278435E+010,-7.700439774896292E-002,-4.734540135506784E-001,-7.700439774896292E-002,-4.734540135506784E-001,
1.148718908873753E+010,-8.553354184239943E-002,-4.672432238411867E-001,-8.553354184239943E-002,-4.672432238411867E-001,
1.172763218424143E+010,-9.304585991686003E-002,-4.593617126562982E-001,-9.304585991686003E-002,-4.593617126562982E-001,
1.197310809340661E+010,-1.022081400749358E-001,-4.534343584803032E-001,-1.022081400749358E-001,-4.534343584803032E-001,
1.222372216013282E+010,-1.084245538281306E-001,-4.463037571495185E-001,-1.084245538281306E-001,-4.463037571495185E-001,
1.247958193331646E+010,-1.174444408110897E-001,-4.385966522983662E-001,-1.174444408110897E-001,-4.385966522983662E-001,
1.274079721300426E+010,-1.249003526465087E-001,-4.337277568171459E-001,-1.249003526465087E-001,-4.337277568171459E-001,
1.300748009751303E+010,-1.328490761580990E-001,-4.257590913463943E-001,-1.328490761580990E-001,-4.257590913463943E-001,
1.327974503153573E+010,-1.409698308339225E-001,-4.199448225619286E-001,-1.409698308339225E-001,-4.199448225619286E-001,
1.355770885525442E+010,-1.487240762292959E-001,-4.129087638121822E-001,-1.487240762292959E-001,-4.129087638121822E-001,
1.384149085448120E+010,-1.557781336529601E-001,-4.070813285688785E-001,-1.557781336529601E-001,-4.070813285688785E-001,
1.413121281184877E+010,-1.644799631494111E-001,-4.014281004858444E-001,-1.644799631494111E-001,-4.014281004858444E-001,
1.442699905907235E+010,-1.723707175727801E-001,-3.946602369176480E-001,-1.723707175727801E-001,-3.946602369176480E-001,
1.472897653030561E+010,-1.794325641220133E-001,-3.893820351328597E-001,-1.794325641220133E-001,-3.893820351328597E-001,
1.503727481661337E+010,-1.877001546233453E-001,-3.842000787120036E-001,-1.877001546233453E-001,-3.842000787120036E-001,
1.535202622158452E+010,-1.961450064337743E-001,-3.774420932569274E-001,-1.961450064337743E-001,-3.774420932569274E-001,
1.567336581810895E+010,-2.036174517361313E-001,-3.718834075715198E-001,-2.036174517361313E-001,-3.718834075715198E-001,
1.600143150634299E+010,-2.109654652618180E-001,-3.673215510553990E-001,-2.109654652618180E-001,-3.673215510553990E-001,
1.633636407288800E+010,-2.188445196001659E-001,-3.622246326060896E-001,-2.188445196001659E-001,-3.622246326060896E-001,
1.667830725120785E+010,-2.268135726381509E-001,-3.578287745444516E-001,-2.268135726381509E-001,-3.578287745444516E-001,
1.702740778331081E+010,-2.343503592057225E-001,-3.534224816916195E-001,-2.343503592057225E-001,-3.534224816916195E-001,
1.738381548272271E+010,-2.408394560943776E-001,-3.478007904112619E-001,-2.408394560943776E-001,-3.478007904112619E-001,
1.774768329877812E+010,-2.478628743184363E-001,-3.425462812928412E-001,-2.478628743184363E-001,-3.425462812928412E-001,
1.811916738225725E+010,-2.540297288571776E-001,-3.369798882796145E-001,-2.540297288571776E-001,-3.369798882796145E-001,
1.849842715239673E+010,-2.587963228101432E-001,-3.321509856929954E-001,-2.587963228101432E-001,-3.321509856929954E-001,
1.888562536530301E+010,-2.642385368245490E-001,-3.259101786525322E-001,-2.642385368245490E-001,-3.259101786525322E-001,
1.928092818379779E+010,-2.700165949390627E-001,-3.192867598005139E-001,-2.700165949390627E-001,-3.192867598005139E-001,
1.968450524872536E+010,-2.751829522948509E-001,-3.138202023443417E-001,-2.751829522948509E-001,-3.138202023443417E-001,
2.009652975175254E+010,-2.771376255482609E-001,-3.099525048720132E-001,-2.771376255482609E-001,-3.099525048720132E-001,
2.051717850969239E+010,-2.795715692086430E-001,-3.023306468732157E-001,-2.795715692086430E-001,-3.023306468732157E-001,
2.094663204038366E+010,-2.842938567671952E-001,-2.968517114989909E-001,-2.842938567671952E-001,-2.968517114989909E-001,
2.138507464015848E+010,-2.842886337621896E-001,-2.907365678790982E-001,-2.842886337621896E-001,-2.907365678790982E-001,
2.183269446293157E+010,-2.892478081382279E-001,-2.846169581108162E-001,-2.892478081382279E-001,-2.846169581108162E-001,
2.228968360094489E+010,-2.909969940676381E-001,-2.803979968786872E-001,-2.909969940676381E-001,-2.803979968786872E-001,
2.275623816720238E+010,-2.945193070346606E-001,-2.737398220252859E-001,-2.945193070346606E-001,-2.737398220252859E-001,
2.323255837963022E+010,-2.958339898363661E-001,-2.689801337893413E-001,-2.958339898363661E-001,-2.689801337893413E-001,
2.371884864699861E+010,-3.009116948232798E-001,-2.653683606572621E-001,-3.009116948232798E-001,-2.653683606572621E-001,
2.421531765664209E+010,-3.053899428143040E-001,-2.635452850522884E-001,-3.053899428143040E-001,-2.635452850522884E-001,
2.472217846401591E+010,-3.091269005449156E-001,-2.600371760529931E-001,-3.091269005449156E-001,-2.600371760529931E-001,
2.523964858412701E+010,-3.163619093593853E-001,-2.590736112486194E-001,-3.163619093593853E-001,-2.590736112486194E-001,
2.576795008487867E+010,-3.223791523032216E-001,-2.578296773955617E-001,-3.223791523032216E-001,-2.578296773955617E-001,
2.630730968236913E+010,-3.272829289250577E-001,-2.569854492533249E-001,-3.272829289250577E-001,-2.569854492533249E-001,
2.685795883818483E+010,-3.314823084852772E-001,-2.621812002061662E-001,-3.314823084852772E-001,-2.621812002061662E-001,
2.742013385873019E+010,-3.343856336018345E-001,-2.686073231309877E-001,-3.343856336018345E-001,-2.686073231309877E-001,
2.799407599663654E+010,-3.354608092715878E-001,-2.725033940712324E-001,-3.354608092715878E-001,-2.725033940712324E-001,
2.858003155429355E+010,-3.388928176875332E-001,-2.743803294431748E-001,-3.388928176875332E-001,-2.743803294431748E-001,
2.917825198954789E+010,-3.403289252395758E-001,-2.849399899929147E-001,-3.403289252395758E-001,-2.849399899929147E-001,
2.978899402361419E+010,-3.333648867716005E-001,-2.934309554362227E-001,-3.333648867716005E-001,-2.934309554362227E-001,
3.041251975124476E+010,-3.321134792622477E-001,-2.922592111526598E-001,-3.321134792622477E-001,-2.922592111526598E-001,
3.104909675320535E+010,-3.238049866905400E-001,-2.963422058780671E-001,-3.238049866905400E-001,-2.963422058780671E-001,
3.169899821110511E+010,-3.184573541757589E-001,-2.984677578343941E-001,-3.184573541757589E-001,-2.984677578343941E-001,
3.236250302463025E+010,-3.042100153547214E-001,-2.982439975374983E-001,-3.042100153547214E-001,-2.982439975374983E-001,
3.303989593123136E+010,-2.935021268433792E-001,-2.960078119864301E-001,-2.935021268433792E-001,-2.960078119864301E-001,
3.373146762831615E+010,-2.808213691897796E-001,-2.932146550179482E-001,-2.808213691897796E-001,-2.932146550179482E-001,
3.443751489799971E+010,-2.725413139349210E-001,-2.829142024234050E-001,-2.725413139349210E-001,-2.829142024234050E-001,
3.515834073446610E+010,-2.630054796999627E-001,-2.769488237872894E-001,-2.630054796999627E-001,-2.769488237872894E-001,
3.589425447399565E+010,-2.593007708173123E-001,-2.669852031946415E-001,-2.593007708173123E-001,-2.669852031946415E-001,
3.664557192771407E+010,-2.468074586917425E-001,-2.587966728559027E-001,-2.468074586917425E-001,-2.587966728559027E-001,
3.741261551712006E+010,-2.512909593905823E-001,-2.476597016461183E-001,-2.512909593905823E-001,-2.476597016461183E-001,
3.819571441244975E+010,-2.477420603871274E-001,-2.493175191448899E-001,-2.477420603871274E-001,-2.493175191448899E-001,
3.899520467393736E+010,-2.488084471791277E-001,-2.410655768336175E-001,-2.488084471791277E-001,-2.410655768336175E-001,
3.981142939603255E+010,-2.503318004476257E-001,-2.422162982151202E-001,-2.503318004476257E-001,-2.422162982151202E-001,
4.064473885463650E+010,-2.491384760355218E-001,-2.386684262200967E-001,-2.491384760355218E-001,-2.386684262200967E-001,
4.149549065741983E+010,-2.421646168417812E-001,-2.401951049985341E-001,-2.421646168417812E-001,-2.401951049985341E-001,
4.236404989728691E+010,-2.323679794901136E-001,-2.422480662936670E-001,-2.323679794901136E-001,-2.422480662936670E-001,
4.325078930905235E+010,-2.217715675105371E-001,-2.391601404451906E-001,-2.217715675105371E-001,-2.391601404451906E-001,
4.415608942939697E+010,-2.089705549586896E-001,-2.343010063105407E-001,-2.089705549586896E-001,-2.343010063105407E-001,
4.508033876017195E+010,-1.948957675221291E-001,-2.168263781425034E-001,-1.948957675221291E-001,-2.168263781425034E-001,
4.602393393512102E+010,-1.853728530811703E-001,-1.901548668089113E-001,-1.853728530811703E-001,-1.901548668089113E-001,
4.698727989009248E+010,-1.811854521489659E-001,-1.723990799094009E-001,-1.811854521489659E-001,-1.723990799094009E-001,
4.797079003681400E+010,-1.786473175152090E-001,-1.390846233581281E-001,-1.786473175152090E-001,-1.390846233581281E-001,
4.897488644030473E+010,-1.844342666897956E-001,-1.139315566722144E-001,-1.844342666897956E-001,-1.139315566722144E-001,
5.000000000000000E+010,-2.010685833795855E-001,-8.218986934372019E-002,-2.010685833795855E-001,-8.218986934372019E-002,
