% Version 1.00
%
%freq[Hz],re:Trc1_S11,im:Trc1_S11,re:Trc2_S11,im:Trc2_S11,
1.000000000000000E+008,2.247901566103322E-001,-1.050565386896690E-002,2.247901566103322E-001,-1.050565386896690E-002,
1.020931412693436E+008,2.246054526679374E-001,-1.053689430950541E-002,2.246054526679374E-001,-1.053689430950541E-002,
1.042300949424215E+008,2.244927773418344E-001,-1.053121342847426E-002,2.244927773418344E-001,-1.053121342847426E-002,
1.064117780747374E+008,2.244545016155545E-001,-1.069117996369748E-002,2.244545016155545E-001,-1.069117996369748E-002,
1.086391269170620E+008,2.243495633087845E-001,-1.069812477586153E-002,2.243495633087845E-001,-1.069812477586153E-002,
1.109130973172177E+008,2.242963962936955E-001,-1.078419150482533E-002,2.242963962936955E-001,-1.078419150482533E-002,
1.132346651302716E+008,2.242314151248726E-001,-1.076201002318003E-002,2.242314151248726E-001,-1.076201002318003E-002,
1.156048266373163E+008,2.241486673586229E-001,-1.095704667747612E-002,2.241486673586229E-001,-1.095704667747612E-002,
1.180245989730151E+008,2.240812162428392E-001,-1.097025948974234E-002,2.240812162428392E-001,-1.097025948974234E-002,
1.204950205620966E+008,2.240744104529734E-001,-1.110899077333382E-002,2.240744104529734E-001,-1.110899077333382E-002,
1.230171515649859E+008,2.240148915788163E-001,-1.106609970827857E-002,2.240148915788163E-001,-1.106609970827857E-002,
1.255920743327636E+008,2.240227977983020E-001,-1.124120919823666E-002,2.240227977983020E-001,-1.124120919823666E-002,
1.282208938716474E+008,2.239007099171412E-001,-1.119723631896484E-002,2.239007099171412E-001,-1.119723631896484E-002,
1.309047383171961E+008,2.239240647349232E-001,-1.141121381938206E-002,2.239240647349232E-001,-1.141121381938206E-002,
1.336447594184396E+008,2.238732615474993E-001,-1.149382895563119E-002,2.238732615474993E-001,-1.149382895563119E-002,
1.364421330321420E+008,2.239119346040369E-001,-1.158986278435854E-002,2.239119346040369E-001,-1.158986278435854E-002,
1.392980596274105E+008,2.236507561321781E-001,-1.163204951535335E-002,2.236507561321781E-001,-1.163204951535335E-002,
1.422137648008667E+008,2.236177524201609E-001,-1.170405896145894E-002,2.236177524201609E-001,-1.170405896145894E-002,
1.451904998026009E+008,2.235803184204026E-001,-1.188103327205163E-002,2.235803184204026E-001,-1.188103327205163E-002,
1.482295420731354E+008,2.235902355871360E-001,-1.194486197079480E-002,2.235902355871360E-001,-1.194486197079480E-002,
1.513321957916272E+008,2.235381242371647E-001,-1.198796422089606E-002,2.235381242371647E-001,-1.198796422089606E-002,
1.544997924355456E+008,2.235461171466810E-001,-1.223538143005428E-002,2.235461171466810E-001,-1.223538143005428E-002,
1.577336913520643E+008,2.235049301312747E-001,-1.232460821001573E-002,2.235049301312747E-001,-1.232460821001573E-002,
1.610352803414134E+008,2.234680079798695E-001,-1.239759048852469E-002,2.234680079798695E-001,-1.239759048852469E-002,
1.644059762524427E+008,2.234189641360025E-001,-1.250586428132369E-002,2.234189641360025E-001,-1.250586428132369E-002,
1.678472255906498E+008,2.234285811602165E-001,-1.264674181527083E-002,2.234285811602165E-001,-1.264674181527083E-002,
1.713605051389360E+008,2.233791795676918E-001,-1.270724214940042E-002,2.233791795676918E-001,-1.270724214940042E-002,
1.749473225913547E+008,2.233300183691100E-001,-1.285775236243526E-002,2.233300183691100E-001,-1.285775236243526E-002,
1.786092172001261E+008,2.232448852027579E-001,-1.295762584782334E-002,2.232448852027579E-001,-1.295762584782334E-002,
1.823477604361935E+008,2.232683286527374E-001,-1.299497226207789E-002,2.232683286527374E-001,-1.299497226207789E-002,
1.861645566636073E+008,2.231925264358069E-001,-1.322895776385715E-002,2.231925264358069E-001,-1.322895776385715E-002,
1.900612438280239E+008,2.231163010863826E-001,-1.336783128587780E-002,2.231163010863826E-001,-1.336783128587780E-002,
1.940394941596160E+008,2.230763502026891E-001,-1.347525200033486E-002,2.230763502026891E-001,-1.347525200033486E-002,
1.981010148906965E+008,2.229789189912600E-001,-1.363355195102544E-002,2.229789189912600E-001,-1.363355195102544E-002,
2.022475489883622E+008,2.229077704688014E-001,-1.379506747155671E-002,2.229077704688014E-001,-1.379506747155671E-002,
2.064808759024735E+008,2.228631669420135E-001,-1.393176167453782E-002,2.228631669420135E-001,-1.393176167453782E-002,
2.108028123292904E+008,2.228343816115833E-001,-1.407552334023132E-002,2.228343816115833E-001,-1.407552334023132E-002,
2.152152129910917E+008,2.227222202001166E-001,-1.428366946561083E-002,2.227222202001166E-001,-1.428366946561083E-002,
2.197199714321140E+008,2.226718430175689E-001,-1.450544582436095E-002,2.226718430175689E-001,-1.450544582436095E-002,
2.243190208311496E+008,2.226389597902704E-001,-1.469163554489288E-002,2.226389597902704E-001,-1.469163554489288E-002,
2.290143348311539E+008,2.225794522963639E-001,-1.491621877671665E-002,2.225794522963639E-001,-1.491621877671665E-002,
2.338079283862175E+008,2.225225545792016E-001,-1.510276456976638E-002,2.225225545792016E-001,-1.510276456976638E-002,
2.387018586262668E+008,2.224510263968295E-001,-1.536243815878537E-002,2.224510263968295E-001,-1.536243815878537E-002,
2.436982257398635E+008,2.224101575668047E-001,-1.558215884804068E-002,2.224101575668047E-001,-1.558215884804068E-002,
2.487991738754827E+008,2.223263286363111E-001,-1.584011988396643E-002,2.223263286363111E-001,-1.584011988396643E-002,
2.540068920616564E+008,2.222491390885130E-001,-1.608036945392041E-002,2.222491390885130E-001,-1.608036945392041E-002,
2.593236151463760E+008,2.222286054415246E-001,-1.625104041151309E-002,2.222286054415246E-001,-1.625104041151309E-002,
2.647516247561587E+008,2.221738143500157E-001,-1.667270164279238E-002,2.221738143500157E-001,-1.667270164279238E-002,
2.702932502751876E+008,2.221227765971570E-001,-1.686392550264398E-002,2.221227765971570E-001,-1.686392550264398E-002,
2.759508698449477E+008,2.220738016867038E-001,-1.725889845727433E-002,2.220738016867038E-001,-1.725889845727433E-002,
2.817269113847850E+008,2.220397007579229E-001,-1.746198581024204E-002,2.220397007579229E-001,-1.746198581024204E-002,
2.876238536338270E+008,2.220117690545650E-001,-1.775566027124647E-002,2.220117690545650E-001,-1.775566027124647E-002,
2.936442272147132E+008,2.220006385597875E-001,-1.816709577836509E-002,2.220006385597875E-001,-1.816709577836509E-002,
2.997906157195895E+008,2.220188591981655E-001,-1.848023560977999E-002,2.220188591981655E-001,-1.848023560977999E-002,
3.060656568188355E+008,2.220178981679732E-001,-1.878781267796923E-002,2.220178981679732E-001,-1.878781267796923E-002,
3.124720433929982E+008,2.220391036599834E-001,-1.908599320453229E-002,2.220391036599834E-001,-1.908599320453229E-002,
3.190125246884183E+008,2.220638044994515E-001,-1.927406074794024E-002,2.220638044994515E-001,-1.927406074794024E-002,
3.256899074970465E+008,2.220629577339530E-001,-1.955835016857739E-002,2.220629577339530E-001,-1.955835016857739E-002,
3.325070573609542E+008,2.220218755746787E-001,-1.996672402018324E-002,2.220218755746787E-001,-1.996672402018324E-002,
3.394668998020564E+008,2.220202869868821E-001,-2.027103731671912E-002,2.220202869868821E-001,-2.027103731671912E-002,
3.465724215775746E+008,2.219880174279602E-001,-2.056523698913309E-002,2.219880174279602E-001,-2.056523698913309E-002,
3.538266719617783E+008,2.219557460271319E-001,-2.090400320894508E-002,2.219557460271319E-001,-2.090400320894508E-002,
3.612327640545553E+008,2.219093050682159E-001,-2.121493945071497E-002,2.219093050682159E-001,-2.121493945071497E-002,
3.687938761173719E+008,2.218080732674830E-001,-2.153428805104303E-002,2.218080732674830E-001,-2.153428805104303E-002,
3.765132529371966E+008,2.217712700694252E-001,-2.186069217003657E-002,2.217712700694252E-001,-2.186069217003657E-002,
3.843942072189731E+008,2.217121992295111E-001,-2.220924365101489E-002,2.217121992295111E-001,-2.220924365101489E-002,
3.924401210072396E+008,2.216240191488842E-001,-2.243785627099983E-002,2.216240191488842E-001,-2.243785627099983E-002,
4.006544471375042E+008,2.215045146752001E-001,-2.295815213276344E-002,2.215045146752001E-001,-2.295815213276344E-002,
4.090407107179998E+008,2.214108249579072E-001,-2.337900133781284E-002,2.214108249579072E-001,-2.337900133781284E-002,
4.176025106424546E+008,2.213235360187061E-001,-2.369818024685767E-002,2.213235360187061E-001,-2.369818024685767E-002,
4.263435211345269E+008,2.212140031512128E-001,-2.419251475464056E-002,2.212140031512128E-001,-2.419251475464056E-002,
4.352674933245664E+008,2.211189102607283E-001,-2.483814277380894E-002,2.211189102607283E-001,-2.483814277380894E-002,
4.443782568593804E+008,2.210262298438293E-001,-2.533693183033454E-002,2.210262298438293E-001,-2.533693183033454E-002,
4.536797215456938E+008,2.209797129151218E-001,-2.582401761844988E-002,2.209797129151218E-001,-2.582401761844988E-002,
4.631758790280099E+008,2.209694450002663E-001,-2.637350573793713E-002,2.209694450002663E-001,-2.637350573793713E-002,
4.728708045015902E+008,2.209447766211845E-001,-2.691426580941265E-002,2.209447766211845E-001,-2.691426580941265E-002,
4.827686584612901E+008,2.209452602322025E-001,-2.744601085604168E-002,2.209452602322025E-001,-2.744601085604168E-002,
4.928736884869999E+008,2.209673257996530E-001,-2.796704517935462E-002,2.209673257996530E-001,-2.796704517935462E-002,
5.031902310664573E+008,2.209989848156318E-001,-2.850249497830477E-002,2.209989848156318E-001,-2.850249497830477E-002,
5.137227134562149E+008,2.209847027013342E-001,-2.902484073564544E-002,2.209847027013342E-001,-2.902484073564544E-002,
5.244756555815587E+008,2.209479058665640E-001,-2.953703544411700E-002,2.209479058665640E-001,-2.953703544411700E-002,
5.354536719761968E+008,2.209401074552622E-001,-3.003406414507172E-002,2.209401074552622E-001,-3.003406414507172E-002,
5.466614737625463E+008,2.208774795093793E-001,-3.054282609976055E-002,2.208774795093793E-001,-3.054282609976055E-002,
5.581038706734722E+008,2.207673226496059E-001,-3.105724990862340E-002,2.207673226496059E-001,-3.105724990862340E-002,
5.697857731163427E+008,2.206634008663336E-001,-3.158539340280958E-002,2.206634008663336E-001,-3.158539340280958E-002,
5.817121942802894E+008,2.205352787719132E-001,-3.218142830896577E-002,2.205352787719132E-001,-3.218142830896577E-002,
5.938882522875744E+008,2.203487884648256E-001,-3.272574956021222E-002,2.203487884648256E-001,-3.272574956021222E-002,
6.063191723899891E+008,2.201456844644055E-001,-3.348508704580826E-002,2.201456844644055E-001,-3.348508704580826E-002,
6.190102892112266E+008,2.199981608368150E-001,-3.417626207288814E-002,2.199981608368150E-001,-3.417626207288814E-002,
6.319670490361900E+008,2.198917184477073E-001,-3.490230973505198E-002,2.198917184477073E-001,-3.490230973505198E-002,
6.451950121482195E+008,2.198225731950626E-001,-3.568187417854497E-002,2.198225731950626E-001,-3.568187417854497E-002,
6.586998552152404E+008,2.197908788926775E-001,-3.648533312558037E-002,2.197908788926775E-001,-3.648533312558037E-002,
6.724873737258571E+008,2.197275920615546E-001,-3.721053609138369E-002,2.197275920615546E-001,-3.721053609138369E-002,
6.865634844764381E+008,2.196661992205815E-001,-3.790766058173870E-002,2.196661992205815E-001,-3.790766058173870E-002,
7.009342281102579E+008,2.196306956029560E-001,-3.862504616053665E-002,2.196306956029560E-001,-3.862504616053665E-002,
7.156057717097888E+008,2.195527870142745E-001,-3.930719956883621E-002,2.195527870142745E-001,-3.930719956883621E-002,
7.305844114432513E+008,2.194848013625959E-001,-3.994736693349510E-002,2.194848013625959E-001,-3.994736693349510E-002,
7.458765752665610E+008,2.192957892157577E-001,-4.071371337440113E-002,2.192957892157577E-001,-4.071371337440113E-002,
7.614888256818322E+008,2.189406403478504E-001,-4.147959574999942E-002,2.189406403478504E-001,-4.147959574999942E-002,
7.774278625536187E+008,2.186758116038626E-001,-4.235765192396271E-002,2.186758116038626E-001,-4.235765192396271E-002,
7.937005259841044E+008,2.184304014229291E-001,-4.326116340613245E-002,2.184304014229291E-001,-4.326116340613245E-002,
8.103137992484750E+008,2.182175722394918E-001,-4.422497383423618E-002,2.182175722394918E-001,-4.422497383423618E-002,
8.272748117917309E+008,2.180936602512927E-001,-4.522296544532102E-002,2.180936602512927E-001,-4.522296544532102E-002,
8.445908422882283E+008,2.179766073588307E-001,-4.622853354778497E-002,2.179766073588307E-001,-4.622853354778497E-002,
8.622693217652600E+008,2.179152968592885E-001,-4.710736269777221E-002,2.179152968592885E-001,-4.710736269777221E-002,
8.803178367920179E+008,2.178183411171644E-001,-4.798770014366389E-002,2.178183411171644E-001,-4.798770014366389E-002,
8.987441327353046E+008,2.176830048055357E-001,-4.884833593446862E-002,2.176830048055357E-001,-4.884833593446862E-002,
9.175561170833916E+008,2.173674426380569E-001,-4.971806557283306E-002,2.173674426380569E-001,-4.971806557283306E-002,
9.367618628394508E+008,2.169978755849112E-001,-5.061573597320109E-002,2.169978755849112E-001,-5.061573597320109E-002,
9.563696119860154E+008,2.165513401351198E-001,-5.164712752433513E-002,2.165513401351198E-001,-5.164712752433513E-002,
9.763877790219561E+008,2.162079058245195E-001,-5.279923969024186E-002,2.162079058245195E-001,-5.279923969024186E-002,
9.968249545734922E+008,2.158382965289524E-001,-5.400799702030436E-002,2.158382965289524E-001,-5.400799702030436E-002,
1.017689909080786E+009,2.155995775629771E-001,-5.519526671127468E-002,2.155995775629771E-001,-5.519526671127468E-002,
1.038991596561701E+009,2.154509116072254E-001,-5.637886307949890E-002,2.154509116072254E-001,-5.637886307949890E-002,
1.060739158454346E+009,2.153375742460300E-001,-5.748229251727628E-002,2.153375742460300E-001,-5.748229251727628E-002,
1.082941927540042E+009,2.149076566947091E-001,-5.848436182434531E-002,2.149076566947091E-001,-5.848436182434531E-002,
1.105609431948408E+009,2.145251384179339E-001,-5.950550988934348E-002,2.145251384179339E-001,-5.950550988934348E-002,
1.128751399246275E+009,2.140050551366786E-001,-6.068193507400775E-002,2.140050551366786E-001,-6.068193507400775E-002,
1.152377760612193E+009,2.134657618048493E-001,-6.199152350979723E-002,2.134657618048493E-001,-6.199152350979723E-002,
1.176498655098304E+009,2.130163881325597E-001,-6.335681740030927E-002,2.130163881325597E-001,-6.335681740030927E-002,
1.201124433981439E+009,2.127426514699344E-001,-6.480769360278463E-002,2.127426514699344E-001,-6.480769360278463E-002,
1.226265665205275E+009,2.124898768451354E-001,-6.614604670501117E-002,2.124898768451354E-001,-6.614604670501117E-002,
1.251933137915478E+009,2.120566122770067E-001,-6.726952052781687E-002,2.120566122770067E-001,-6.726952052781687E-002,
1.278137867089775E+009,2.115244659995697E-001,-6.843071199818740E-002,2.115244659995697E-001,-6.843071199818740E-002,
1.304891098264939E+009,2.108533829526376E-001,-6.972449921641968E-002,2.108533829526376E-001,-6.972449921641968E-002,
1.332204312362714E+009,2.101474801606051E-001,-7.113300505482600E-002,2.101474801606051E-001,-7.113300505482600E-002,
1.360089230616753E+009,2.095562452654539E-001,-7.280189308405367E-002,2.095562452654539E-001,-7.280189308405367E-002,
1.388557819602690E+009,2.091545416367858E-001,-7.444368526583382E-002,2.091545416367858E-001,-7.444368526583382E-002,
1.417622296373492E+009,2.087235528241008E-001,-7.577888140305303E-002,2.087235528241008E-001,-7.577888140305303E-002,
1.447295133702302E+009,2.081210878393799E-001,-7.715519924797484E-002,2.081210878393799E-001,-7.715519924797484E-002,
1.477589065435027E+009,2.073651962297940E-001,-7.855236063199694E-002,2.073651962297940E-001,-7.855236063199694E-002,
1.508517091954956E+009,2.064051962804500E-001,-8.015092609177332E-002,2.064051962804500E-001,-8.015092609177332E-002,
1.540092485761767E+009,2.056924968664473E-001,-8.209109294637292E-002,2.056924968664473E-001,-8.209109294637292E-002,
1.572328797167307E+009,2.050439672772914E-001,-8.380249993075836E-002,2.050439672772914E-001,-8.380249993075836E-002,
1.605239860110590E+009,2.045369966321292E-001,-8.541177456793103E-002,2.045369966321292E-001,-8.541177456793103E-002,
1.638839798094518E+009,2.036719670644776E-001,-8.684808908123096E-002,2.036719670644776E-001,-8.684808908123096E-002,
1.673143030246862E+009,2.025676023834698E-001,-8.850401600590072E-002,2.025676023834698E-001,-8.850401600590072E-002,
1.708164277508106E+009,2.015502111483337E-001,-9.052259858156267E-002,2.015502111483337E-001,-9.052259858156267E-002,
1.743918568948813E+009,2.008317721586460E-001,-9.252002348172182E-002,2.008317721586460E-001,-9.252002348172182E-002,
1.780421248219227E+009,2.002687518657866E-001,-9.430315086956403E-002,2.002687518657866E-001,-9.430315086956403E-002,
1.817687980133866E+009,1.992074017182644E-001,-9.576109687193829E-002,1.992074017182644E-001,-9.576109687193829E-002,
1.855734757393946E+009,1.978026172559684E-001,-9.756007029859994E-002,1.978026172559684E-001,-9.756007029859994E-002,
1.894577907450513E+009,1.965324941255645E-001,-9.974726703292601E-002,1.965324941255645E-001,-9.974726703292601E-002,
1.934234099511226E+009,1.957787854164905E-001,-1.021469895873722E-001,1.957787854164905E-001,-1.021469895873722E-001,
1.974720351693812E+009,1.949452984812766E-001,-1.037917487543448E-001,1.949452984812766E-001,-1.037917487543448E-001,
2.016054038329243E+009,1.935463082751743E-001,-1.055053780791762E-001,1.935463082751743E-001,-1.055053780791762E-001,
2.058252897417781E+009,1.918841173830974E-001,-1.075935595203919E-001,1.918841173830974E-001,-1.075935595203919E-001,
2.101335038241093E+009,1.906136934269027E-001,-1.102234738825837E-001,1.906136934269027E-001,-1.102234738825837E-001,
2.145318949133695E+009,1.897827960713232E-001,-1.122446584430488E-001,1.897827960713232E-001,-1.122446584430488E-001,
2.190223505417061E+009,1.883561381319735E-001,-1.139501880540378E-001,1.883561381319735E-001,-1.139501880540378E-001,
2.236067977499810E+009,1.864739422126190E-001,-1.160416011670256E-001,1.864739422126190E-001,-1.160416011670256E-001,
2.282872039147435E+009,1.850774293275159E-001,-1.188563959112336E-001,1.850774293275159E-001,-1.188563959112336E-001,
2.330655775925136E+009,1.840796893175710E-001,-1.210284692311134E-001,1.840796893175710E-001,-1.210284692311134E-001,
2.379439693817366E+009,1.823507321966252E-001,-1.227257948312224E-001,1.823507321966252E-001,-1.227257948312224E-001,
2.429244728027800E+009,1.801999904658996E-001,-1.251936277972673E-001,1.801999904658996E-001,-1.251936277972673E-001,
2.480092251963504E+009,1.787800526419552E-001,-1.280747868751869E-001,1.787800526419552E-001,-1.280747868751869E-001,
2.532004086407146E+009,1.775202711480866E-001,-1.301429103201798E-001,1.775202711480866E-001,-1.301429103201798E-001,
2.585002508881200E+009,1.752334305680259E-001,-1.322666636941507E-001,1.752334305680259E-001,-1.322666636941507E-001,
2.639110263208160E+009,1.731289265594655E-001,-1.353437134203520E-001,1.731289265594655E-001,-1.353437134203520E-001,
2.694350569270853E+009,1.718999212104191E-001,-1.378043013771186E-001,1.718999212104191E-001,-1.378043013771186E-001,
2.750747132977056E+009,1.697151057683095E-001,-1.396143902001694E-001,1.697151057683095E-001,-1.396143902001694E-001,
2.808324156432685E+009,1.670687884147513E-001,-1.427011542435058E-001,1.670687884147513E-001,-1.427011542435058E-001,
2.867106348327923E+009,1.655347738116152E-001,-1.455670670129456E-001,1.655347738116152E-001,-1.455670670129456E-001,
2.927118934540746E+009,1.634122368550510E-001,-1.475090115366836E-001,1.634122368550510E-001,-1.475090115366836E-001,
2.988387668962389E+009,1.605724324726539E-001,-1.505682616865488E-001,1.605724324726539E-001,-1.505682616865488E-001,
3.050938844549417E+009,1.588030444418773E-001,-1.533649684279350E-001,1.588030444418773E-001,-1.533649684279350E-001,
3.114799304607116E+009,1.561902693045756E-001,-1.555819979414539E-001,1.561902693045756E-001,-1.555819979414539E-001,
3.179996454309075E+009,1.533374289508259E-001,-1.589083181728037E-001,1.533374289508259E-001,-1.589083181728037E-001,
3.246558272457882E+009,1.513648363132152E-001,-1.616411146583483E-001,1.513648363132152E-001,-1.616411146583483E-001,
3.314513323491987E+009,1.484133093097955E-001,-1.640694178003100E-001,1.484133093097955E-001,-1.640694178003100E-001,
3.383890769743891E+009,1.458686845681489E-001,-1.675180389208851E-001,1.458686845681489E-001,-1.675180389208851E-001,
3.454720383954909E+009,1.433307443773257E-001,-1.696273041284220E-001,1.433307443773257E-001,-1.696273041284220E-001,
3.527032562051896E+009,1.395573356471802E-001,-1.728365728712817E-001,1.395573356471802E-001,-1.728365728712817E-001,
3.600858336191391E+009,1.371675751533708E-001,-1.761019416854995E-001,1.371675751533708E-001,-1.761019416854995E-001,
3.676229388076813E+009,1.338461890712597E-001,-1.786423217054608E-001,1.338461890712597E-001,-1.786423217054608E-001,
3.753178062554387E+009,1.308464634866484E-001,-1.823033492010875E-001,1.308464634866484E-001,-1.823033492010875E-001,
3.831737381493663E+009,1.276741041756872E-001,-1.846641135025146E-001,1.276741041756872E-001,-1.846641135025146E-001,
3.911941057958573E+009,1.242139634626006E-001,-1.883830566400283E-001,1.242139634626006E-001,-1.883830566400283E-001,
3.993823510675101E+009,1.212704608564651E-001,-1.908022733970047E-001,1.212704608564651E-001,-1.908022733970047E-001,
4.077419878801790E+009,1.171119146299399E-001,-1.942516320211336E-001,1.171119146299399E-001,-1.942516320211336E-001,
4.162766037009410E+009,1.140578557720744E-001,-1.972319223102468E-001,1.140578557720744E-001,-1.972319223102468E-001,
4.249898610876274E+009,1.099238665036301E-001,-2.005308486535898E-001,1.099238665036301E-001,-2.005308486535898E-001,
4.338854992605786E+009,1.067755163383427E-001,-2.033333624742987E-001,1.067755163383427E-001,-2.033333624742987E-001,
4.429673357072994E+009,1.020028560452022E-001,-2.067404189524915E-001,1.020028560452022E-001,-2.067404189524915E-001,
4.522392678207007E+009,9.909252969570717E-002,-2.097589694723074E-001,9.909252969570717E-002,-2.097589694723074E-001,
4.617052745716332E+009,9.420791750627136E-002,-2.129948721206470E-001,9.420791750627136E-002,-2.129948721206470E-001,
4.713694182164284E+009,9.068832984714473E-002,-2.156310560252536E-001,9.068832984714473E-002,-2.156310560252536E-001,
4.812358460401814E+009,8.580723632747557E-002,-2.194558252375231E-001,8.580723632747557E-002,-2.194558252375231E-001,
4.913087921365233E+009,8.184134556885744E-002,-2.217039625280262E-001,8.184134556885744E-002,-2.217039625280262E-001,
5.015925792246465E+009,7.735014703093535E-002,-2.258501636610082E-001,7.735014703093535E-002,-2.258501636610082E-001,
5.120916205043626E+009,7.265842559368879E-002,-2.279354384600910E-001,7.265842559368879E-002,-2.279354384600910E-001,
5.228104215499899E+009,6.854876603153967E-002,-2.315055597300512E-001,6.854876603153967E-002,-2.315055597300512E-001,
5.337535822438821E+009,6.308253547347370E-002,-2.345872198360526E-001,6.308253547347370E-002,-2.345872198360526E-001,
5.449257987504287E+009,5.885760701343219E-002,-2.371780411374135E-001,5.885760701343219E-002,-2.371780411374135E-001,
5.563318655313743E+009,5.422853711783963E-002,-2.410311447302456E-001,5.422853711783963E-002,-2.410311447302456E-001,
5.679766774033207E+009,4.902995581457584E-002,-2.432833708747084E-001,4.902995581457584E-002,-2.432833708747084E-001,
5.798652316382962E+009,4.438976793107637E-002,-2.459581733366698E-001,4.438976793107637E-002,-2.459581733366698E-001,
5.920026301082923E+009,3.935001525035156E-002,-2.496158009209474E-001,3.935001525035156E-002,-2.496158009209474E-001,
6.043940814746885E+009,3.383614947748218E-002,-2.518639722664569E-001,3.383614947748218E-002,-2.518639722664569E-001,
6.170449034235055E+009,2.920850849982806E-002,-2.541769702658350E-001,2.920850849982806E-002,-2.541769702658350E-001,
6.299605249474443E+009,2.432356359389485E-002,-2.576024103616401E-001,2.432356359389485E-002,-2.576024103616401E-001,
6.431464886756929E+009,1.830951007428107E-002,-2.599728458929326E-001,1.830951007428107E-002,-2.599728458929326E-001,
6.566084532524983E+009,1.298894928631936E-002,-2.621405635868834E-001,1.298894928631936E-002,-2.621405635868834E-001,
6.703521957655251E+009,8.094304096472899E-003,-2.641890358627912E-001,8.094304096472899E-003,-2.641890358627912E-001,
6.843836142250444E+009,2.753020425824184E-003,-2.671754659337329E-001,2.753020425824184E-003,-2.671754659337329E-001,
6.987087300950141E+009,-3.131980726296895E-003,-2.695608081827118E-001,-3.131980726296895E-003,-2.695608081827118E-001,
7.133336908771395E+009,-8.786400067858895E-003,-2.712798579088360E-001,-8.786400067858895E-003,-2.712798579088360E-001,
7.282647727490209E+009,-1.429900963853574E-002,-2.729104450811015E-001,-1.429900963853574E-002,-2.729104450811015E-001,
7.435083832575221E+009,-1.956779761971996E-002,-2.744325312810909E-001,-1.956779761971996E-002,-2.744325312810909E-001,
7.590710640685147E+009,-2.454143100927211E-002,-2.765701322476081E-001,-2.454143100927211E-002,-2.765701322476081E-001,
7.749594937741785E+009,-3.020213149229372E-002,-2.779692821436448E-001,-3.020213149229372E-002,-2.779692821436448E-001,
7.911804907590622E+009,-3.547841332035863E-002,-2.798126368449583E-001,-3.547841332035863E-002,-2.798126368449583E-001,
8.077410161261354E+009,-4.138418868041736E-002,-2.811307633905855E-001,-4.138418868041736E-002,-2.811307633905855E-001,
8.246481766840870E+009,-4.673497064257659E-002,-2.823318430741927E-001,-4.673497064257659E-002,-2.823318430741927E-001,
8.419092279971513E+009,-5.234483191562260E-002,-2.834311728391238E-001,-5.234483191562260E-002,-2.834311728391238E-001,
8.595315774987719E+009,-5.773770225284403E-002,-2.840450179016145E-001,-5.773770225284403E-002,-2.840450179016145E-001,
8.775227876704388E+009,-6.328100297373759E-002,-2.846159507458722E-001,-6.328100297373759E-002,-2.846159507458722E-001,
8.958905792870632E+009,-6.850607672109241E-002,-2.848208056612365E-001,-6.850607672109241E-002,-2.848208056612365E-001,
9.146428347302822E+009,-7.362703244622681E-002,-2.842923908080026E-001,-7.362703244622681E-002,-2.842923908080026E-001,
9.337876013711161E+009,-7.915270522408545E-002,-2.850955198582613E-001,-7.915270522408545E-002,-2.850955198582613E-001,
9.533330950234287E+009,-8.430586175146566E-002,-2.836889248407506E-001,-8.430586175146566E-002,-2.836889248407506E-001,
9.732877034696749E+009,-8.954820177856404E-002,-2.827685651001352E-001,-8.954820177856404E-002,-2.827685651001352E-001,
9.936599900604454E+009,-9.545293154918987E-002,-2.818482425766842E-001,-9.545293154918987E-002,-2.818482425766842E-001,
1.014458697389356E+010,-1.011393215669786E-001,-2.810021499151527E-001,-1.011393215669786E-001,-2.810021499151527E-001,
1.035692751044859E+010,-1.071333067231750E-001,-2.805326608267006E-001,-1.071333067231750E-001,-2.805326608267006E-001,
1.057371263440579E+010,-1.116649772670161E-001,-2.798166337240403E-001,-1.116649772670161E-001,-2.798166337240403E-001,
1.079503537725833E+010,-1.169156082150329E-001,-2.780874738318292E-001,-1.169156082150329E-001,-2.780874738318292E-001,
1.102099071777997E+010,-1.215991754515366E-001,-2.759575234193637E-001,-1.215991754515366E-001,-2.759575234193637E-001,
1.125167562278435E+010,-1.273711995267967E-001,-2.742035237169278E-001,-1.273711995267967E-001,-2.742035237169278E-001,
1.148718908873753E+010,-1.333774685361776E-001,-2.727192627343116E-001,-1.333774685361776E-001,-2.727192627343116E-001,
1.172763218424143E+010,-1.386717289307289E-001,-2.694249752461078E-001,-1.386717289307289E-001,-2.694249752461078E-001,
1.197310809340661E+010,-1.456063693939876E-001,-2.682425127672051E-001,-1.456063693939876E-001,-2.682425127672051E-001,
1.222372216013282E+010,-1.497230787793341E-001,-2.654809062031521E-001,-1.497230787793341E-001,-2.654809062031521E-001,
1.247958193331646E+010,-1.571919075757454E-001,-2.621190670535462E-001,-1.571919075757454E-001,-2.621190670535462E-001,
1.274079721300426E+010,-1.625659215812682E-001,-2.618328621312774E-001,-1.625659215812682E-001,-2.618328621312774E-001,
1.300748009751303E+010,-1.691805615169509E-001,-2.575968426674391E-001,-1.691805615169509E-001,-2.575968426674391E-001,
1.327974503153573E+010,-1.758724411399704E-001,-2.560897008793136E-001,-1.758724411399704E-001,-2.560897008793136E-001,
1.355770885525442E+010,-1.822648516481922E-001,-2.531248766587247E-001,-1.822648516481922E-001,-2.531248766587247E-001,
1.384149085448120E+010,-1.878762498408669E-001,-2.510060790555754E-001,-1.878762498408669E-001,-2.510060790555754E-001,
1.413121281184877E+010,-1.956627869392952E-001,-2.494903915920068E-001,-1.956627869392952E-001,-2.494903915920068E-001,
1.442699905907235E+010,-2.024448738576798E-001,-2.458747145515963E-001,-2.024448738576798E-001,-2.458747145515963E-001,
1.472897653030561E+010,-2.080298925986008E-001,-2.446905663102016E-001,-2.080298925986008E-001,-2.446905663102016E-001,
1.503727481661337E+010,-2.156419076394220E-001,-2.431341710907538E-001,-2.156419076394220E-001,-2.431341710907538E-001,
1.535202622158452E+010,-2.228784048602352E-001,-2.394805548392260E-001,-2.228784048602352E-001,-2.394805548392260E-001,
1.567336581810895E+010,-2.291405694287359E-001,-2.372200421291767E-001,-2.291405694287359E-001,-2.372200421291767E-001,
1.600143150634299E+010,-2.353980933414726E-001,-2.361440375916165E-001,-2.353980933414726E-001,-2.361440375916165E-001,
1.633636407288800E+010,-2.422316744102986E-001,-2.343944992910119E-001,-2.422316744102986E-001,-2.343944992910119E-001,
1.667830725120785E+010,-2.491655122053803E-001,-2.333758610041294E-001,-2.491655122053803E-001,-2.333758610041294E-001,
1.702740778331081E+010,-2.558082531271441E-001,-2.322708629340968E-001,-2.558082531271441E-001,-2.322708629340968E-001,
1.738381548272271E+010,-2.614486568119021E-001,-2.298524732628193E-001,-2.614486568119021E-001,-2.298524732628193E-001,
1.774768329877812E+010,-2.676544591075785E-001,-2.277792349409362E-001,-2.676544591075785E-001,-2.277792349409362E-001,
1.811916738225725E+010,-2.728666224995187E-001,-2.253536589782684E-001,-2.728666224995187E-001,-2.253536589782684E-001,
1.849842715239673E+010,-2.767260258028303E-001,-2.236532624010101E-001,-2.767260258028303E-001,-2.236532624010101E-001,
1.888562536530301E+010,-2.814341403902332E-001,-2.203278910459459E-001,-2.814341403902332E-001,-2.203278910459459E-001,
1.928092818379779E+010,-2.868118082443333E-001,-2.167449676178618E-001,-2.868118082443333E-001,-2.167449676178618E-001,
1.968450524872536E+010,-2.916336840589088E-001,-2.147626513871156E-001,-2.916336840589088E-001,-2.147626513871156E-001,
2.009652975175254E+010,-2.927906200657734E-001,-2.143860624352960E-001,-2.927906200657734E-001,-2.143860624352960E-001,
2.051717850969239E+010,-2.947106512854815E-001,-2.090207030977198E-001,-2.947106512854815E-001,-2.090207030977198E-001,
2.094663204038366E+010,-2.998273002463938E-001,-2.069231559271619E-001,-2.998273002463938E-001,-2.069231559271619E-001,
2.138507464015848E+010,-2.991402721117539E-001,-2.038005120649075E-001,-2.991402721117539E-001,-2.038005120649075E-001,
2.183269446293157E+010,-3.047390323957063E-001,-2.004938692907377E-001,-3.047390323957063E-001,-2.004938692907377E-001,
2.228968360094489E+010,-3.062994426637908E-001,-1.993923397428407E-001,-3.062994426637908E-001,-1.993923397428407E-001,
2.275623816720238E+010,-3.101456284487690E-001,-1.952064944488408E-001,-3.101456284487690E-001,-1.952064944488408E-001,
2.323255837963022E+010,-3.119123134186865E-001,-1.929260048317857E-001,-3.119123134186865E-001,-1.929260048317857E-001,
2.371884864699861E+010,-3.172114547117544E-001,-1.916952534565645E-001,-3.172114547117544E-001,-1.916952534565645E-001,
2.421531765664209E+010,-3.222297458198415E-001,-1.920371930220056E-001,-3.222297458198415E-001,-1.920371930220056E-001,
2.472217846401591E+010,-3.261343101463774E-001,-1.904446886035842E-001,-3.261343101463774E-001,-1.904446886035842E-001,
2.523964858412701E+010,-3.345688658287248E-001,-1.915921352063196E-001,-3.345688658287248E-001,-1.915921352063196E-001,
2.576795008487867E+010,-3.416450335382913E-001,-1.914262050141588E-001,-3.416450335382913E-001,-1.914262050141588E-001,
2.630730968236913E+010,-3.467817913163035E-001,-1.923355315861243E-001,-3.467817913163035E-001,-1.923355315861243E-001,
2.685795883818483E+010,-3.512997233612554E-001,-1.995632751844749E-001,-3.512997233612554E-001,-1.995632751844749E-001,
2.742013385873019E+010,-3.544991083303560E-001,-2.078824782610843E-001,-3.544991083303560E-001,-2.078824782610843E-001,
2.799407599663654E+010,-3.552947461349856E-001,-2.129867248241930E-001,-3.552947461349856E-001,-2.129867248241930E-001,
2.858003155429355E+010,-3.588903821691140E-001,-2.153172817979264E-001,-3.588903821691140E-001,-2.153172817979264E-001,
2.917825198954789E+010,-3.615853933374750E-001,-2.273080286493876E-001,-3.615853933374750E-001,-2.273080286493876E-001,
2.978899402361419E+010,-3.540604110586285E-001,-2.378985839235579E-001,-3.540604110586285E-001,-2.378985839235579E-001,
3.041251975124476E+010,-3.530076147510581E-001,-2.372466731158538E-001,-3.530076147510581E-001,-2.372466731158538E-001,
3.104909675320535E+010,-3.443150355595440E-001,-2.435474540150485E-001,-3.443150355595440E-001,-2.435474540150485E-001,
3.169899821110511E+010,-3.395678857845956E-001,-2.464695643595271E-001,-3.395678857845956E-001,-2.464695643595271E-001,
3.236250302463025E+010,-3.249025278253275E-001,-2.476223260410924E-001,-3.249025278253275E-001,-2.476223260410924E-001,
3.303989593123136E+010,-3.140313000598499E-001,-2.476017479226237E-001,-3.140313000598499E-001,-2.476017479226237E-001,
3.373146762831615E+010,-3.021337573814611E-001,-2.464419316416542E-001,-3.021337573814611E-001,-2.464419316416542E-001,
3.443751489799971E+010,-2.936279837193848E-001,-2.382290575369327E-001,-2.936279837193848E-001,-2.382290575369327E-001,
3.515834073446610E+010,-2.846535559864152E-001,-2.336662395721115E-001,-2.846535559864152E-001,-2.336662395721115E-001,
3.589425447399565E+010,-2.810132053847216E-001,-2.248112411701330E-001,-2.810132053847216E-001,-2.248112411701330E-001,
3.664557192771407E+010,-2.684361410287862E-001,-2.178194540106243E-001,-2.684361410287862E-001,-2.178194540106243E-001,
3.741261551712006E+010,-2.738944673462855E-001,-2.080894743587513E-001,-2.738944673462855E-001,-2.080894743587513E-001,
3.819571441244975E+010,-2.707570310708177E-001,-2.120354602294542E-001,-2.707570310708177E-001,-2.120354602294542E-001,
3.899520467393736E+010,-2.718254006795765E-001,-2.035137701629634E-001,-2.718254006795765E-001,-2.035137701629634E-001,
3.981142939603255E+010,-2.738116815860368E-001,-2.070006806842885E-001,-2.738116815860368E-001,-2.070006806842885E-001,
4.064473885463650E+010,-2.736007313805992E-001,-2.027356436244354E-001,-2.736007313805992E-001,-2.027356436244354E-001,
4.149549065741983E+010,-2.659621896457647E-001,-2.059083536221608E-001,-2.659621896457647E-001,-2.059083536221608E-001,
4.236404989728691E+010,-2.554548884057414E-001,-2.096092003559780E-001,-2.554548884057414E-001,-2.096092003559780E-001,
4.325078930905235E+010,-2.451187723240160E-001,-2.077331097464080E-001,-2.451187723240160E-001,-2.077331097464080E-001,
4.415608942939697E+010,-2.326321225747816E-001,-2.033390178389019E-001,-2.326321225747816E-001,-2.033390178389019E-001,
4.508033876017195E+010,-2.183993279913409E-001,-1.859965175126019E-001,-2.183993279913409E-001,-1.859965175126019E-001,
4.602393393512102E+010,-2.090118630277922E-001,-1.588337247736051E-001,-2.090118630277922E-001,-1.588337247736051E-001,
4.698727989009248E+010,-2.037750078738623E-001,-1.428175121312947E-001,-2.037750078738623E-001,-1.428175121312947E-001,
4.797079003681400E+010,-2.013101443119748E-001,-1.088504796511793E-001,-2.013101443119748E-001,-1.088504796511793E-001,
4.897488644030473E+010,-2.073555316278107E-001,-8.633641742216561E-002,-2.073555316278107E-001,-8.633641742216561E-002,
5.000000000000000E+010,-2.244645385911672E-001,-5.311538621131977E-002,-2.244645385911672E-001,-5.311538621131977E-002,
