% Version 1.00
%
%freq[Hz],re:Trc1_S11,im:Trc1_S11,re:Trc2_S11,im:Trc2_S11,
1.000000000000000E+008,8.171408939605516E-001,-1.914835390457288E-002,8.171408939605516E-001,-1.914835390457288E-002,
1.020931412693436E+008,8.171704826739520E-001,-1.930441190870590E-002,8.171704826739520E-001,-1.930441190870590E-002,
1.042300949424215E+008,8.169532180688929E-001,-1.962814785246009E-002,8.169532180688929E-001,-1.962814785246009E-002,
1.064117780747374E+008,8.172194622008955E-001,-2.020373190672366E-002,8.172194622008955E-001,-2.020373190672366E-002,
1.086391269170620E+008,8.170225712038779E-001,-2.056566036655792E-002,8.170225712038779E-001,-2.056566036655792E-002,
1.109130973172177E+008,8.169710563775233E-001,-2.094189807147068E-002,8.169710563775233E-001,-2.094189807147068E-002,
1.132346651302716E+008,8.170396632655841E-001,-2.127318932813013E-002,8.170396632655841E-001,-2.127318932813013E-002,
1.156048266373163E+008,8.168236674761091E-001,-2.186779817305776E-002,8.168236674761091E-001,-2.186779817305776E-002,
1.180245989730151E+008,8.169669095867327E-001,-2.218602301892667E-002,8.169669095867327E-001,-2.218602301892667E-002,
1.204950205620966E+008,8.167820509466098E-001,-2.258228944999911E-002,8.167820509466098E-001,-2.258228944999911E-002,
1.230171515649859E+008,8.167691647929953E-001,-2.301379447272885E-002,8.167691647929953E-001,-2.301379447272885E-002,
1.255920743327636E+008,8.168510168539965E-001,-2.355092936315576E-002,8.168510168539965E-001,-2.355092936315576E-002,
1.282208938716474E+008,8.168478702890973E-001,-2.383128266488027E-002,8.168478702890973E-001,-2.383128266488027E-002,
1.309047383171961E+008,8.167958523364657E-001,-2.447061854095320E-002,8.167958523364657E-001,-2.447061854095320E-002,
1.336447594184396E+008,8.168152451204656E-001,-2.493673928113570E-002,8.168152451204656E-001,-2.493673928113570E-002,
1.364421330321420E+008,8.168709772121221E-001,-2.543568937815879E-002,8.168709772121221E-001,-2.543568937815879E-002,
1.392980596274105E+008,8.167622318287162E-001,-2.587374217959299E-002,8.167622318287162E-001,-2.587374217959299E-002,
1.422137648008667E+008,8.166541492958801E-001,-2.633759582280303E-002,8.166541492958801E-001,-2.633759582280303E-002,
1.451904998026009E+008,8.164824686839736E-001,-2.695836349894668E-002,8.164824686839736E-001,-2.695836349894668E-002,
1.482295420731354E+008,8.165850771478220E-001,-2.728695191494304E-002,8.165850771478220E-001,-2.728695191494304E-002,
1.513321957916272E+008,8.164920100174218E-001,-2.790841571718898E-002,8.164920100174218E-001,-2.790841571718898E-002,
1.544997924355456E+008,8.165670513014964E-001,-2.854986263263979E-002,8.165670513014964E-001,-2.854986263263979E-002,
1.577336913520643E+008,8.164321493301788E-001,-2.907854194092844E-002,8.164321493301788E-001,-2.907854194092844E-002,
1.610352803414134E+008,8.164211983705847E-001,-2.957813816674907E-002,8.164211983705847E-001,-2.957813816674907E-002,
1.644059762524427E+008,8.163786594823171E-001,-3.018562451849255E-002,8.163786594823171E-001,-3.018562451849255E-002,
1.678472255906498E+008,8.164529412272554E-001,-3.080481540437616E-002,8.164529412272554E-001,-3.080481540437616E-002,
1.713605051389360E+008,8.162249870569185E-001,-3.133366644408217E-002,8.162249870569185E-001,-3.133366644408217E-002,
1.749473225913547E+008,8.161742822189979E-001,-3.195692706427712E-002,8.161742822189979E-001,-3.195692706427712E-002,
1.786092172001261E+008,8.161517000291214E-001,-3.256943918451484E-002,8.161517000291214E-001,-3.256943918451484E-002,
1.823477604361935E+008,8.161618665970343E-001,-3.310516710187382E-002,8.161618665970343E-001,-3.310516710187382E-002,
1.861645566636073E+008,8.160837743888993E-001,-3.372903157212707E-002,8.160837743888993E-001,-3.372903157212707E-002,
1.900612438280239E+008,8.160166805885551E-001,-3.447834542710221E-002,8.160166805885551E-001,-3.447834542710221E-002,
1.940394941596160E+008,8.158560983312773E-001,-3.503384580976926E-002,8.158560983312773E-001,-3.503384580976926E-002,
1.981010148906965E+008,8.157629921182030E-001,-3.573459801274293E-002,8.157629921182030E-001,-3.573459801274293E-002,
2.022475489883622E+008,8.156594489845561E-001,-3.647071249188882E-002,8.156594489845561E-001,-3.647071249188882E-002,
2.064808759024735E+008,8.156785845112569E-001,-3.712397660049419E-002,8.156785845112569E-001,-3.712397660049419E-002,
2.108028123292904E+008,8.156785222158047E-001,-3.800415227363365E-002,8.156785222158047E-001,-3.800415227363365E-002,
2.152152129910917E+008,8.154525688579406E-001,-3.866505510976145E-002,8.154525688579406E-001,-3.866505510976145E-002,
2.197199714321140E+008,8.154210778495687E-001,-3.947449535381412E-002,8.154210778495687E-001,-3.947449535381412E-002,
2.243190208311496E+008,8.154312147029756E-001,-4.023637678017233E-002,8.154312147029756E-001,-4.023637678017233E-002,
2.290143348311539E+008,8.152560574111205E-001,-4.101653328611322E-002,8.152560574111205E-001,-4.101653328611322E-002,
2.338079283862175E+008,8.152728866775749E-001,-4.183350610368963E-002,8.152728866775749E-001,-4.183350610368963E-002,
2.387018586262668E+008,8.151159221470385E-001,-4.280699087009347E-002,8.151159221470385E-001,-4.280699087009347E-002,
2.436982257398635E+008,8.150663595870002E-001,-4.358406018253055E-002,8.150663595870002E-001,-4.358406018253055E-002,
2.487991738754827E+008,8.149401969614505E-001,-4.460293069870003E-002,8.149401969614505E-001,-4.460293069870003E-002,
2.540068920616564E+008,8.147640765553470E-001,-4.545450830245022E-002,8.147640765553470E-001,-4.545450830245022E-002,
2.593236151463760E+008,8.147230948979016E-001,-4.650449984472543E-002,8.147230948979016E-001,-4.650449984472543E-002,
2.647516247561587E+008,8.145903288725085E-001,-4.740329335792465E-002,8.145903288725085E-001,-4.740329335792465E-002,
2.702932502751876E+008,8.146190348978444E-001,-4.852496836093782E-002,8.146190348978444E-001,-4.852496836093782E-002,
2.759508698449477E+008,8.144498603002128E-001,-4.942978536018090E-002,8.144498603002128E-001,-4.942978536018090E-002,
2.817269113847850E+008,8.143763699066834E-001,-5.060685544457455E-002,8.143763699066834E-001,-5.060685544457455E-002,
2.876238536338270E+008,8.141801733925878E-001,-5.162133086418058E-002,8.141801733925878E-001,-5.162133086418058E-002,
2.936442272147132E+008,8.141122902818136E-001,-5.251139992600123E-002,8.141122902818136E-001,-5.251139992600123E-002,
2.997906157195895E+008,8.140396954496566E-001,-5.363483395238271E-002,8.140396954496566E-001,-5.363483395238271E-002,
3.060656568188355E+008,8.139012801809836E-001,-5.460046154002422E-002,8.139012801809836E-001,-5.460046154002422E-002,
3.124720433929982E+008,8.137888890679736E-001,-5.577534586609288E-002,8.137888890679736E-001,-5.577534586609288E-002,
3.190125246884183E+008,8.136559208154127E-001,-5.689635275880459E-002,8.136559208154127E-001,-5.689635275880459E-002,
3.256899074970465E+008,8.136408868884150E-001,-5.807454376769117E-002,8.136408868884150E-001,-5.807454376769117E-002,
3.325070573609542E+008,8.134705446210211E-001,-5.912219453336426E-002,8.134705446210211E-001,-5.912219453336426E-002,
3.394668998020564E+008,8.133212069005813E-001,-6.035074383515586E-002,8.133212069005813E-001,-6.035074383515586E-002,
3.465724215775746E+008,8.131698449743637E-001,-6.152121773798747E-002,8.131698449743637E-001,-6.152121773798747E-002,
3.538266719617783E+008,8.129949990871361E-001,-6.279711355119225E-002,8.129949990871361E-001,-6.279711355119225E-002,
3.612327640545553E+008,8.129071313175158E-001,-6.402066464247791E-002,8.129071313175158E-001,-6.402066464247791E-002,
3.687938761173719E+008,8.127033891567262E-001,-6.531078422552045E-002,8.127033891567262E-001,-6.531078422552045E-002,
3.765132529371966E+008,8.124767305470908E-001,-6.658448300537317E-002,8.124767305470908E-001,-6.658448300537317E-002,
3.843942072189731E+008,8.121902648045082E-001,-6.783728606184510E-002,8.121902648045082E-001,-6.783728606184510E-002,
3.924401210072396E+008,8.120122397659264E-001,-6.930858778702428E-002,8.120122397659264E-001,-6.930858778702428E-002,
4.006544471375042E+008,8.118209205257425E-001,-7.061667706386998E-002,8.118209205257425E-001,-7.061667706386998E-002,
4.090407107179998E+008,8.116087020324787E-001,-7.209180784849087E-002,8.116087020324787E-001,-7.209180784849087E-002,
4.176025106424546E+008,8.114114177050683E-001,-7.373111901891907E-002,8.114114177050683E-001,-7.373111901891907E-002,
4.263435211345269E+008,8.111122323657950E-001,-7.529124219898485E-002,8.111122323657950E-001,-7.529124219898485E-002,
4.352674933245664E+008,8.108968952764479E-001,-7.672667740044195E-002,8.108968952764479E-001,-7.672667740044195E-002,
4.443782568593804E+008,8.105572456636163E-001,-7.835632245375686E-002,8.105572456636163E-001,-7.835632245375686E-002,
4.536797215456938E+008,8.102675316633579E-001,-7.994017861273407E-002,8.102675316633579E-001,-7.994017861273407E-002,
4.631758790280099E+008,8.099977659063843E-001,-8.155173175117481E-002,8.099977659063843E-001,-8.155173175117481E-002,
4.728708045015902E+008,8.097477945272178E-001,-8.330048019559024E-002,8.097477945272178E-001,-8.330048019559024E-002,
4.827686584612901E+008,8.095073376472203E-001,-8.506408255725333E-002,8.095073376472203E-001,-8.506408255725333E-002,
4.928736884869999E+008,8.093554014574531E-001,-8.681683596099789E-002,8.093554014574531E-001,-8.681683596099789E-002,
5.031902310664573E+008,8.092566262534492E-001,-8.857638582027420E-002,8.092566262534492E-001,-8.857638582027420E-002,
5.137227134562149E+008,8.090270501022694E-001,-9.033771338650104E-002,8.090270501022694E-001,-9.033771338650104E-002,
5.244756555815587E+008,8.086196805122190E-001,-9.214158772397267E-002,8.086196805122190E-001,-9.214158772397267E-002,
5.354536719761968E+008,8.082374487449175E-001,-9.388194009591674E-002,8.082374487449175E-001,-9.388194009591674E-002,
5.466614737625463E+008,8.078792527857006E-001,-9.577126123698285E-002,8.078792527857006E-001,-9.577126123698285E-002,
5.581038706734722E+008,8.074943896531044E-001,-9.769332417635369E-002,8.074943896531044E-001,-9.769332417635369E-002,
5.697857731163427E+008,8.071799293841231E-001,-9.965224556587148E-002,8.071799293841231E-001,-9.965224556587148E-002,
5.817121942802894E+008,8.069393570258031E-001,-1.016599339686387E-001,8.069393570258031E-001,-1.016599339686387E-001,
5.938882522875744E+008,8.063985552380053E-001,-1.039220026023343E-001,8.063985552380053E-001,-1.039220026023343E-001,
6.063191723899891E+008,8.058170298507490E-001,-1.058116615659876E-001,8.058170298507490E-001,-1.058116615659876E-001,
6.190102892112266E+008,8.051881282169879E-001,-1.078803186760444E-001,8.051881282169879E-001,-1.078803186760444E-001,
6.319670490361900E+008,8.046470037026156E-001,-1.101081420733025E-001,8.046470037026156E-001,-1.101081420733025E-001,
6.451950121482195E+008,8.041515404045062E-001,-1.125627779076967E-001,8.041515404045062E-001,-1.125627779076967E-001,
6.586998552152404E+008,8.038088507664880E-001,-1.151861627628830E-001,8.038088507664880E-001,-1.151861627628830E-001,
6.724873737258571E+008,8.034484064554235E-001,-1.173632788815584E-001,8.034484064554235E-001,-1.173632788815584E-001,
6.865634844764381E+008,8.028467064146156E-001,-1.195094278720359E-001,8.028467064146156E-001,-1.195094278720359E-001,
7.009342281102579E+008,8.023515935969070E-001,-1.218347197310924E-001,8.023515935969070E-001,-1.218347197310924E-001,
7.156057717097888E+008,8.018229898162682E-001,-1.242926792163014E-001,8.018229898162682E-001,-1.242926792163014E-001,
7.305844114432513E+008,8.013905181559784E-001,-1.269480532409812E-001,8.013905181559784E-001,-1.269480532409812E-001,
7.458765752665610E+008,8.009656655609219E-001,-1.296681533277072E-001,8.009656655609219E-001,-1.296681533277072E-001,
7.614888256818322E+008,7.999230878011177E-001,-1.321170317548439E-001,7.999230878011177E-001,-1.321170317548439E-001,
7.774278625536187E+008,7.989704290195182E-001,-1.343249159391660E-001,7.989704290195182E-001,-1.343249159391660E-001,
7.937005259841044E+008,7.980335702482311E-001,-1.370957391053991E-001,7.980335702482311E-001,-1.370957391053991E-001,
8.103137992484750E+008,7.972347475564323E-001,-1.401484064240407E-001,7.972347475564323E-001,-1.401484064240407E-001,
8.272748117917309E+008,7.966787918746645E-001,-1.431865363504743E-001,7.966787918746645E-001,-1.431865363504743E-001,
8.445908422882283E+008,7.958408731903464E-001,-1.461213441723268E-001,7.958408731903464E-001,-1.461213441723268E-001,
8.622693217652600E+008,7.950569888029567E-001,-1.487910412059726E-001,7.950569888029567E-001,-1.487910412059726E-001,
8.803178367920179E+008,7.943328438578357E-001,-1.517611881509294E-001,7.943328438578357E-001,-1.517611881509294E-001,
8.987441327353046E+008,7.938204655525494E-001,-1.548017121646184E-001,7.938204655525494E-001,-1.548017121646184E-001,
9.175561170833916E+008,7.927709111028796E-001,-1.576469581678695E-001,7.927709111028796E-001,-1.576469581678695E-001,
9.367618628394508E+008,7.914393764877590E-001,-1.603876978526358E-001,7.914393764877590E-001,-1.603876978526358E-001,
9.563696119860154E+008,7.900790011319472E-001,-1.637606549321984E-001,7.900790011319472E-001,-1.637606549321984E-001,
9.763877790219561E+008,7.890864130061023E-001,-1.673174019521539E-001,7.890864130061023E-001,-1.673174019521539E-001,
9.968249545734922E+008,7.878518697875285E-001,-1.707724591934019E-001,7.878518697875285E-001,-1.707724591934019E-001,
1.017689909080786E+009,7.865007557966183E-001,-1.739299358477895E-001,7.865007557966183E-001,-1.739299358477895E-001,
1.038991596561701E+009,7.853742029480024E-001,-1.777521661502984E-001,7.853742029480024E-001,-1.777521661502984E-001,
1.060739158454346E+009,7.850171531367931E-001,-1.814264260059532E-001,7.850171531367931E-001,-1.814264260059532E-001,
1.082941927540042E+009,7.833826625902275E-001,-1.843343538797072E-001,7.833826625902275E-001,-1.843343538797072E-001,
1.105609431948408E+009,7.817096260569918E-001,-1.874847393284023E-001,7.817096260569918E-001,-1.874847393284023E-001,
1.128751399246275E+009,7.800169643614515E-001,-1.914869665880855E-001,7.800169643614515E-001,-1.914869665880855E-001,
1.152377760612193E+009,7.784801665252878E-001,-1.953392134172444E-001,7.784801665252878E-001,-1.953392134172444E-001,
1.176498655098304E+009,7.766221483485318E-001,-1.990389823524338E-001,7.766221483485318E-001,-1.990389823524338E-001,
1.201124433981439E+009,7.751000119062017E-001,-2.034753514018183E-001,7.751000119062017E-001,-2.034753514018183E-001,
1.226265665205275E+009,7.742440156257108E-001,-2.075392570895002E-001,7.742440156257108E-001,-2.075392570895002E-001,
1.251933137915478E+009,7.722288730953316E-001,-2.106458814698724E-001,7.722288730953316E-001,-2.106458814698724E-001,
1.278137867089775E+009,7.702160197595045E-001,-2.144719504730348E-001,7.702160197595045E-001,-2.144719504730348E-001,
1.304891098264939E+009,7.682199706722046E-001,-2.185391827087946E-001,7.682199706722046E-001,-2.185391827087946E-001,
1.332204312362714E+009,7.657192316792916E-001,-2.223363158260019E-001,7.657192316792916E-001,-2.223363158260019E-001,
1.360089230616753E+009,7.634151675397944E-001,-2.274721358336202E-001,7.634151675397944E-001,-2.274721358336202E-001,
1.388557819602690E+009,7.623054256315500E-001,-2.322042772428973E-001,7.623054256315500E-001,-2.322042772428973E-001,
1.417622296373492E+009,7.599441769923332E-001,-2.359556684880852E-001,7.599441769923332E-001,-2.359556684880852E-001,
1.447295133702302E+009,7.577389996997939E-001,-2.404491748084545E-001,7.577389996997939E-001,-2.404491748084545E-001,
1.477589065435027E+009,7.554506237280435E-001,-2.441940946412540E-001,7.554506237280435E-001,-2.441940946412540E-001,
1.508517091954956E+009,7.521055073248562E-001,-2.487439490138186E-001,7.521055073248562E-001,-2.487439490138186E-001,
1.540092485761767E+009,7.498627321775314E-001,-2.546511506584758E-001,7.498627321775314E-001,-2.546511506584758E-001,
1.572328797167307E+009,7.472780580240815E-001,-2.590344820978739E-001,7.472780580240815E-001,-2.590344820978739E-001,
1.605239860110590E+009,7.450615348643461E-001,-2.641685360831002E-001,7.450615348643461E-001,-2.641685360831002E-001,
1.638839798094518E+009,7.422321381452586E-001,-2.679427411597847E-001,7.422321381452586E-001,-2.679427411597847E-001,
1.673143030246862E+009,7.385473358163753E-001,-2.727744424942837E-001,7.385473358163753E-001,-2.727744424942837E-001,
1.708164277508106E+009,7.355779660481689E-001,-2.782612168952088E-001,7.355779660481689E-001,-2.782612168952088E-001,
1.743918568948813E+009,7.321424613690998E-001,-2.833592397279971E-001,7.321424613690998E-001,-2.833592397279971E-001,
1.780421248219227E+009,7.299701855912921E-001,-2.888161732584357E-001,7.299701855912921E-001,-2.888161732584357E-001,
1.817687980133866E+009,7.261353070292981E-001,-2.927856756637313E-001,7.261353070292981E-001,-2.927856756637313E-001,
1.855734757393946E+009,7.222888230482683E-001,-2.981599536530344E-001,7.222888230482683E-001,-2.981599536530344E-001,
1.894577907450513E+009,7.179682548718814E-001,-3.031347107731136E-001,7.179682548718814E-001,-3.031347107731136E-001,
1.934234099511226E+009,7.148383525985302E-001,-3.101130489088971E-001,7.148383525985302E-001,-3.101130489088971E-001,
1.974720351693812E+009,7.112505953670570E-001,-3.141884213220655E-001,7.112505953670570E-001,-3.141884213220655E-001,
2.016054038329243E+009,7.074826413759675E-001,-3.199964305097158E-001,7.074826413759675E-001,-3.199964305097158E-001,
2.058252897417781E+009,7.024135372945228E-001,-3.247181514894856E-001,7.024135372945228E-001,-3.247181514894856E-001,
2.101335038241093E+009,6.979969402299294E-001,-3.313186461647543E-001,6.979969402299294E-001,-3.313186461647543E-001,
2.145318949133695E+009,6.935365714533555E-001,-3.365327792772797E-001,6.935365714533555E-001,-3.365327792772797E-001,
2.190223505417061E+009,6.893935341007159E-001,-3.416567329940198E-001,6.893935341007159E-001,-3.416567329940198E-001,
2.236067977499810E+009,6.836591188718325E-001,-3.470431688564981E-001,6.836591188718325E-001,-3.470431688564981E-001,
2.282872039147435E+009,6.788690769629645E-001,-3.530560958138979E-001,6.788690769629645E-001,-3.530560958138979E-001,
2.330655775925136E+009,6.741616679784542E-001,-3.591934279713583E-001,6.741616679784542E-001,-3.591934279713583E-001,
2.379439693817366E+009,6.688667608397607E-001,-3.640234317718627E-001,6.688667608397607E-001,-3.640234317718627E-001,
2.429244728027800E+009,6.631206784667043E-001,-3.697965726491758E-001,6.631206784667043E-001,-3.697965726491758E-001,
2.480092251963504E+009,6.572241531164897E-001,-3.764044932761100E-001,6.572241531164897E-001,-3.764044932761100E-001,
2.532004086407146E+009,6.521183818987915E-001,-3.818744552616398E-001,6.521183818987915E-001,-3.818744552616398E-001,
2.585002508881200E+009,6.461955354625182E-001,-3.873102462380048E-001,6.461955354625182E-001,-3.873102462380048E-001,
2.639110263208160E+009,6.392609467352530E-001,-3.939681079442943E-001,6.392609467352530E-001,-3.939681079442943E-001,
2.694350569270853E+009,6.335322612293501E-001,-3.997313820481551E-001,6.335322612293501E-001,-3.997313820481551E-001,
2.750747132977056E+009,6.272587605616032E-001,-4.047255601369684E-001,6.272587605616032E-001,-4.047255601369684E-001,
2.808324156432685E+009,6.200401991845359E-001,-4.114170693819198E-001,6.200401991845359E-001,-4.114170693819198E-001,
2.867106348327923E+009,6.132542005564969E-001,-4.175130477950571E-001,6.132542005564969E-001,-4.175130477950571E-001,
2.927118934540746E+009,6.066267130450018E-001,-4.224691709909506E-001,6.066267130450018E-001,-4.224691709909506E-001,
2.988387668962389E+009,5.988932405543138E-001,-4.289901907008515E-001,5.988932405543138E-001,-4.289901907008515E-001,
3.050938844549417E+009,5.916927172929782E-001,-4.349356854372787E-001,5.916927172929782E-001,-4.349356854372787E-001,
3.114799304607116E+009,5.840002286707701E-001,-4.401424620414783E-001,5.840002286707701E-001,-4.401424620414783E-001,
3.179996454309075E+009,5.756989959475520E-001,-4.466111187714151E-001,5.756989959475520E-001,-4.466111187714151E-001,
3.246558272457882E+009,5.684593749387699E-001,-4.519504987931931E-001,5.684593749387699E-001,-4.519504987931931E-001,
3.314513323491987E+009,5.599045927344422E-001,-4.571049654147706E-001,5.599045927344422E-001,-4.571049654147706E-001,
3.383890769743891E+009,5.517124155183646E-001,-4.636072230550806E-001,5.517124155183646E-001,-4.636072230550806E-001,
3.454720383954909E+009,5.434733805415171E-001,-4.681957805060001E-001,5.434733805415171E-001,-4.681957805060001E-001,
3.527032562051896E+009,5.333004573759592E-001,-4.743217106859001E-001,5.333004573759592E-001,-4.743217106859001E-001,
3.600858336191391E+009,5.249991267365967E-001,-4.802086030521600E-001,5.249991267365967E-001,-4.802086030521600E-001,
3.676229388076813E+009,5.153311852104471E-001,-4.845506703974006E-001,5.153311852104471E-001,-4.845506703974006E-001,
3.753178062554387E+009,5.056603799132433E-001,-4.913094767237400E-001,5.056603799132433E-001,-4.913094767237400E-001,
3.831737381493663E+009,4.965895903762321E-001,-4.952737148412612E-001,4.965895903762321E-001,-4.952737148412612E-001,
3.911941057958573E+009,4.859258319473195E-001,-5.012200562444705E-001,4.859258319473195E-001,-5.012200562444705E-001,
3.993823510675101E+009,4.771700541795503E-001,-5.055694641451127E-001,4.771700541795503E-001,-5.055694641451127E-001,
4.077419878801790E+009,4.654758280889056E-001,-5.105130479466664E-001,4.654758280889056E-001,-5.105130479466664E-001,
4.162766037009410E+009,4.560688030236989E-001,-5.152944176646142E-001,4.560688030236989E-001,-5.152944176646142E-001,
4.249898610876274E+009,4.444663686490660E-001,-5.193789536659949E-001,4.444663686490660E-001,-5.193789536659949E-001,
4.338854992605786E+009,4.347598011085669E-001,-5.240609702510398E-001,4.347598011085669E-001,-5.240609702510398E-001,
4.429673357072994E+009,4.222954361486294E-001,-5.279623880411071E-001,4.222954361486294E-001,-5.279623880411071E-001,
4.522392678207007E+009,4.126908782549998E-001,-5.325269595518185E-001,4.126908782549998E-001,-5.325269595518185E-001,
4.617052745716332E+009,4.004073413760132E-001,-5.362755502682710E-001,4.004073413760132E-001,-5.362755502682710E-001,
4.713694182164284E+009,3.898927820892265E-001,-5.399089035006282E-001,3.898927820892265E-001,-5.399089035006282E-001,
4.812358460401814E+009,3.774272284149065E-001,-5.437426350752368E-001,3.774272284149065E-001,-5.437426350752368E-001,
4.913087921365233E+009,3.662025438699884E-001,-5.466339087053634E-001,3.662025438699884E-001,-5.466339087053634E-001,
5.015925792246465E+009,3.540983994899314E-001,-5.505282446298923E-001,3.540983994899314E-001,-5.505282446298923E-001,
5.120916205043626E+009,3.423826259832202E-001,-5.527722894379270E-001,3.423826259832202E-001,-5.527722894379270E-001,
5.228104215499899E+009,3.304775934541564E-001,-5.559915734158593E-001,3.304775934541564E-001,-5.559915734158593E-001,
5.337535822438821E+009,3.179214626319157E-001,-5.586093718242159E-001,3.179214626319157E-001,-5.586093718242159E-001,
5.449257987504287E+009,3.062616607064052E-001,-5.606916055027704E-001,3.062616607064052E-001,-5.606916055027704E-001,
5.563318655313743E+009,2.941054230067323E-001,-5.635429468961715E-001,2.941054230067323E-001,-5.635429468961715E-001,
5.679766774033207E+009,2.819649148276043E-001,-5.647516888275946E-001,2.819649148276043E-001,-5.647516888275946E-001,
5.798652316382962E+009,2.699804625000329E-001,-5.666033391336038E-001,2.699804625000329E-001,-5.666033391336038E-001,
5.920026301082923E+009,2.572963046225348E-001,-5.685192293984696E-001,2.572963046225348E-001,-5.685192293984696E-001,
6.043940814746885E+009,2.449033620608863E-001,-5.690600651303099E-001,2.449033620608863E-001,-5.690600651303099E-001,
6.170449034235055E+009,2.330377455618660E-001,-5.698110351252876E-001,2.330377455618660E-001,-5.698110351252876E-001,
6.299605249474443E+009,2.207091370943988E-001,-5.712633236773569E-001,2.207091370943988E-001,-5.712633236773569E-001,
6.431464886756929E+009,2.076050803846563E-001,-5.715009702838025E-001,2.076050803846563E-001,-5.715009702838025E-001,
6.566084532524983E+009,1.951656899819512E-001,-5.716830252983489E-001,1.951656899819512E-001,-5.716830252983489E-001,
6.703521957655251E+009,1.829607834796731E-001,-5.714016108433201E-001,1.829607834796731E-001,-5.714016108433201E-001,
6.843836142250444E+009,1.704903528263751E-001,-5.714124034481473E-001,1.704903528263751E-001,-5.714124034481473E-001,
6.987087300950141E+009,1.576110519261811E-001,-5.709431022306639E-001,1.576110519261811E-001,-5.709431022306639E-001,
7.133336908771395E+009,1.452028259069778E-001,-5.696769896836420E-001,1.452028259069778E-001,-5.696769896836420E-001,
7.282647727490209E+009,1.331822753298233E-001,-5.681825832594359E-001,1.331822753298233E-001,-5.681825832594359E-001,
7.435083832575221E+009,1.212321711097922E-001,-5.662324136787227E-001,1.212321711097922E-001,-5.662324136787227E-001,
7.590710640685147E+009,1.097348010799121E-001,-5.646111450194111E-001,1.097348010799121E-001,-5.646111450194111E-001,
7.749594937741785E+009,9.785572634277624E-002,-5.620862812757879E-001,9.785572634277624E-002,-5.620862812757879E-001,
7.911804907590622E+009,8.654270166651547E-002,-5.596975283517079E-001,8.654270166651547E-002,-5.596975283517079E-001,
8.077410161261354E+009,7.475848893156724E-002,-5.568105479311055E-001,7.475848893156724E-002,-5.568105479311055E-001,
8.246481766840870E+009,6.381993686651438E-002,-5.536298469246872E-001,6.381993686651438E-002,-5.536298469246872E-001,
8.419092279971513E+009,5.275885393098005E-002,-5.503057234416013E-001,5.275885393098005E-002,-5.503057234416013E-001,
8.595315774987719E+009,4.210404817145715E-002,-5.464531015573619E-001,4.210404817145715E-002,-5.464531015573619E-001,
8.775227876704388E+009,3.152543327731155E-002,-5.423421966018743E-001,3.152543327731155E-002,-5.423421966018743E-001,
8.958905792870632E+009,2.148983248313648E-002,-5.377647423344288E-001,2.148983248313648E-002,-5.377647423344288E-001,
9.146428347302822E+009,1.173450375784092E-002,-5.324955561217927E-001,1.173450375784092E-002,-5.324955561217927E-001,
9.337876013711161E+009,1.736481588090737E-003,-5.283638557320958E-001,1.736481588090737E-003,-5.283638557320958E-001,
9.533330950234287E+009,-7.682476789331141E-003,-5.222683534934467E-001,-7.682476789331141E-003,-5.222683534934467E-001,
9.732877034696749E+009,-1.691493832721349E-002,-5.166530470253206E-001,-1.691493832721349E-002,-5.166530470253206E-001,
9.936599900604454E+009,-2.655858571607738E-002,-5.108725439504722E-001,-2.655858571607738E-002,-5.108725439504722E-001,
1.014458697389356E+010,-3.569931846680464E-002,-5.051154698111985E-001,-3.569931846680464E-002,-5.051154698111985E-001,
1.035692751044859E+010,-4.499877682293220E-002,-4.996299834745559E-001,-4.499877682293220E-002,-4.996299834745559E-001,
1.057371263440579E+010,-5.262212839549536E-002,-4.939089137912528E-001,-5.262212839549536E-002,-4.939089137912528E-001,
1.079503537725833E+010,-6.095030319427102E-002,-4.874695033064729E-001,-6.095030319427102E-002,-4.874695033064729E-001,
1.102099071777997E+010,-6.830843524469435E-002,-4.804823492690133E-001,-6.830843524469435E-002,-4.804823492690133E-001,
1.125167562278435E+010,-7.671509979482594E-002,-4.737770276479495E-001,-7.671509979482594E-002,-4.737770276479495E-001,
1.148718908873753E+010,-8.525483659105700E-002,-4.675716935798117E-001,-8.525483659105700E-002,-4.675716935798117E-001,
1.172763218424143E+010,-9.276398859845757E-002,-4.596694346988334E-001,-9.276398859845757E-002,-4.596694346988334E-001,
1.197310809340661E+010,-1.019421295141464E-001,-4.537107320367728E-001,-1.019421295141464E-001,-4.537107320367728E-001,
1.222372216013282E+010,-1.081519146115404E-001,-4.466146395820212E-001,-1.081519146115404E-001,-4.466146395820212E-001,
1.247958193331646E+010,-1.171507136287339E-001,-4.388833482337329E-001,-1.171507136287339E-001,-4.388833482337329E-001,
1.274079721300426E+010,-1.246249527044305E-001,-4.339992169250568E-001,-1.246249527044305E-001,-4.339992169250568E-001,
1.300748009751303E+010,-1.325461855528552E-001,-4.260512950449894E-001,-1.325461855528552E-001,-4.260512950449894E-001,
1.327974503153573E+010,-1.406772022350470E-001,-4.202053996996751E-001,-1.406772022350470E-001,-4.202053996996751E-001,
1.355770885525442E+010,-1.483957876019456E-001,-4.131882969626083E-001,-1.483957876019456E-001,-4.131882969626083E-001,
1.384149085448120E+010,-1.554793557259401E-001,-4.073453522959350E-001,-1.554793557259401E-001,-4.073453522959350E-001,
1.413121281184877E+010,-1.641581436299995E-001,-4.016398632382824E-001,-1.641581436299995E-001,-4.016398632382824E-001,
1.442699905907235E+010,-1.720335439465823E-001,-3.949222572808427E-001,-1.720335439465823E-001,-3.949222572808427E-001,
1.472897653030561E+010,-1.791515359563813E-001,-3.896196574241847E-001,-1.791515359563813E-001,-3.896196574241847E-001,
1.503727481661337E+010,-1.873927878992376E-001,-3.844013641856497E-001,-1.873927878992376E-001,-3.844013641856497E-001,
1.535202622158452E+010,-1.958170516186822E-001,-3.776515427221531E-001,-1.958170516186822E-001,-3.776515427221531E-001,
1.567336581810895E+010,-2.033172877261201E-001,-3.721067279398576E-001,-2.033172877261201E-001,-3.721067279398576E-001,
1.600143150634299E+010,-2.107012613247870E-001,-3.675353072495819E-001,-2.107012613247870E-001,-3.675353072495819E-001,
1.633636407288800E+010,-2.185615826174439E-001,-3.624222296608547E-001,-2.185615826174439E-001,-3.624222296608547E-001,
1.667830725120785E+010,-2.265282501744848E-001,-3.580203986186108E-001,-2.265282501744848E-001,-3.580203986186108E-001,
1.702740778331081E+010,-2.340738191740225E-001,-3.536037799645694E-001,-2.340738191740225E-001,-3.536037799645694E-001,
1.738381548272271E+010,-2.405412064001885E-001,-3.479778402055118E-001,-2.405412064001885E-001,-3.479778402055118E-001,
1.774768329877812E+010,-2.475560947054941E-001,-3.426987505120577E-001,-2.475560947054941E-001,-3.426987505120577E-001,
1.811916738225725E+010,-2.537291139669584E-001,-3.371485189101610E-001,-2.537291139669584E-001,-3.371485189101610E-001,
1.849842715239673E+010,-2.584884461320593E-001,-3.323464339515327E-001,-2.584884461320593E-001,-3.323464339515327E-001,
1.888562536530301E+010,-2.639294245820852E-001,-3.261082362199171E-001,-2.639294245820852E-001,-3.261082362199171E-001,
1.928092818379779E+010,-2.696809945559209E-001,-3.194986045925957E-001,-2.696809945559209E-001,-3.194986045925957E-001,
1.968450524872536E+010,-2.748266440883960E-001,-3.139884977726364E-001,-2.748266440883960E-001,-3.139884977726364E-001,
2.009652975175254E+010,-2.768531260007848E-001,-3.100980669190245E-001,-2.768531260007848E-001,-3.100980669190245E-001,
2.051717850969239E+010,-2.792742609581530E-001,-3.025182471963899E-001,-2.792742609581530E-001,-3.025182471963899E-001,
2.094663204038366E+010,-2.839572038571001E-001,-2.970312280129480E-001,-2.839572038571001E-001,-2.970312280129480E-001,
2.138507464015848E+010,-2.840090887764264E-001,-2.909144302893857E-001,-2.840090887764264E-001,-2.909144302893857E-001,
2.183269446293157E+010,-2.889367582243876E-001,-2.847922041011600E-001,-2.889367582243876E-001,-2.847922041011600E-001,
2.228968360094489E+010,-2.907213115956566E-001,-2.805463290101037E-001,-2.907213115956566E-001,-2.805463290101037E-001,
2.275623816720238E+010,-2.942403874178433E-001,-2.738995235989992E-001,-2.942403874178433E-001,-2.738995235989992E-001,
2.323255837963022E+010,-2.955273853549628E-001,-2.691208770953321E-001,-2.955273853549628E-001,-2.691208770953321E-001,
2.371884864699861E+010,-3.006177946274313E-001,-2.655525686327146E-001,-3.006177946274313E-001,-2.655525686327146E-001,
2.421531765664209E+010,-3.051692263357549E-001,-2.637137180434122E-001,-3.051692263357549E-001,-2.637137180434122E-001,
2.472217846401591E+010,-3.088496433952587E-001,-2.602096087817013E-001,-3.088496433952587E-001,-2.602096087817013E-001,
2.523964858412701E+010,-3.160118441135664E-001,-2.592309385169427E-001,-3.160118441135664E-001,-2.592309385169427E-001,
2.576795008487867E+010,-3.219808536916176E-001,-2.580134021266788E-001,-3.219808536916176E-001,-2.580134021266788E-001,
2.630730968236913E+010,-3.269237822596595E-001,-2.572274256810446E-001,-3.269237822596595E-001,-2.572274256810446E-001,
2.685795883818483E+010,-3.310943431262451E-001,-2.623317158949251E-001,-3.310943431262451E-001,-2.623317158949251E-001,
2.742013385873019E+010,-3.340633295141524E-001,-2.687507754861579E-001,-3.340633295141524E-001,-2.687507754861579E-001,
2.799407599663654E+010,-3.351566378597916E-001,-2.726388020958214E-001,-3.351566378597916E-001,-2.726388020958214E-001,
2.858003155429355E+010,-3.385628677116961E-001,-2.746053319440104E-001,-3.385628677116961E-001,-2.746053319440104E-001,
2.917825198954789E+010,-3.399481706463849E-001,-2.851555229261085E-001,-3.399481706463849E-001,-2.851555229261085E-001,
2.978899402361419E+010,-3.330699074102616E-001,-2.936082018473192E-001,-3.330699074102616E-001,-2.936082018473192E-001,
3.041251975124476E+010,-3.317931395091791E-001,-2.925048151647856E-001,-3.317931395091791E-001,-2.925048151647856E-001,
3.104909675320535E+010,-3.235177609334584E-001,-2.965179760498846E-001,-3.235177609334584E-001,-2.965179760498846E-001,
3.169899821110511E+010,-3.181301079499729E-001,-2.986886534507104E-001,-3.181301079499729E-001,-2.986886534507104E-001,
3.236250302463025E+010,-3.039349529682652E-001,-2.985204488554877E-001,-3.039349529682652E-001,-2.985204488554877E-001,
3.303989593123136E+010,-2.932479354853282E-001,-2.962155205840538E-001,-2.932479354853282E-001,-2.962155205840538E-001,
3.373146762831615E+010,-2.805265627360015E-001,-2.934105337349522E-001,-2.805265627360015E-001,-2.934105337349522E-001,
3.443751489799971E+010,-2.722936954043659E-001,-2.830274022769552E-001,-2.722936954043659E-001,-2.830274022769552E-001,
3.515834073446610E+010,-2.627369574470370E-001,-2.771123033501771E-001,-2.627369574470370E-001,-2.771123033501771E-001,
3.589425447399565E+010,-2.590079418651657E-001,-2.671465606850730E-001,-2.590079418651657E-001,-2.671465606850730E-001,
3.664557192771407E+010,-2.465112468947959E-001,-2.589632823442828E-001,-2.465112468947959E-001,-2.589632823442828E-001,
3.741261551712006E+010,-2.510235665767827E-001,-2.477629452458011E-001,-2.510235665767827E-001,-2.477629452458011E-001,
3.819571441244975E+010,-2.475053072546182E-001,-2.494053162361634E-001,-2.475053072546182E-001,-2.494053162361634E-001,
3.899520467393736E+010,-2.485313695889679E-001,-2.412648057981405E-001,-2.485313695889679E-001,-2.412648057981405E-001,
3.981142939603255E+010,-2.500313467279621E-001,-2.423410032998784E-001,-2.500313467279621E-001,-2.423410032998784E-001,
4.064473885463650E+010,-2.486998898238827E-001,-2.388663674607179E-001,-2.486998898238827E-001,-2.388663674607179E-001,
4.149549065741983E+010,-2.419077281840901E-001,-2.403337589059372E-001,-2.419077281840901E-001,-2.403337589059372E-001,
4.236404989728691E+010,-2.322215559355968E-001,-2.423061007146531E-001,-2.322215559355968E-001,-2.423061007146531E-001,
4.325078930905235E+010,-2.216475537926355E-001,-2.392252146845278E-001,-2.216475537926355E-001,-2.392252146845278E-001,
4.415608942939697E+010,-2.087182003679083E-001,-2.343863079570355E-001,-2.087182003679083E-001,-2.343863079570355E-001,
4.508033876017195E+010,-1.946351474273637E-001,-2.168879176171022E-001,-1.946351474273637E-001,-2.168879176171022E-001,
4.602393393512102E+010,-1.850652227391333E-001,-1.903403971656149E-001,-1.850652227391333E-001,-1.903403971656149E-001,
4.698727989009248E+010,-1.809417865534729E-001,-1.724289464006114E-001,-1.809417865534729E-001,-1.724289464006114E-001,
4.797079003681400E+010,-1.782739611153646E-001,-1.394191313325747E-001,-1.782739611153646E-001,-1.394191313325747E-001,
4.897488644030473E+010,-1.841134491026170E-001,-1.140133749665305E-001,-1.841134491026170E-001,-1.140133749665305E-001,
5.000000000000000E+010,-2.008653508965093E-001,-8.235401085514693E-002,-2.008653508965093E-001,-8.235401085514693E-002,
