% Version 1.00
%
%freq[Hz],re:Trc1_S11,im:Trc1_S11,re:Trc2_S11,im:Trc2_S11,
1.000000000000000E+008,-9.829340567737592E-001,9.030012745001568E-003,-9.829340567737592E-001,9.030012745001568E-003,
1.020931412693436E+008,-9.826594068101243E-001,8.977512977950795E-003,-9.826594068101243E-001,8.977512977950795E-003,
1.042300949424215E+008,-9.823860221743255E-001,8.905467641626504E-003,-9.823860221743255E-001,8.905467641626504E-003,
1.064117780747374E+008,-9.824245604755598E-001,8.890386666318584E-003,-9.824245604755598E-001,8.890386666318584E-003,
1.086391269170620E+008,-9.822806292969866E-001,9.049575801138216E-003,-9.822806292969866E-001,9.049575801138216E-003,
1.109130973172177E+008,-9.822159764856601E-001,9.252194197335306E-003,-9.822159764856601E-001,9.252194197335306E-003,
1.132346651302716E+008,-9.818881318073728E-001,9.256495723153580E-003,-9.818881318073728E-001,9.256495723153580E-003,
1.156048266373163E+008,-9.820751284331433E-001,9.225500842412280E-003,-9.820751284331433E-001,9.225500842412280E-003,
1.180245989730151E+008,-9.816797710198976E-001,9.412422472007890E-003,-9.816797710198976E-001,9.412422472007890E-003,
1.204950205620966E+008,-9.817578561023327E-001,9.323390322166107E-003,-9.817578561023327E-001,9.323390322166107E-003,
1.230171515649859E+008,-9.815055406476734E-001,9.452333177373255E-003,-9.815055406476734E-001,9.452333177373255E-003,
1.255920743327636E+008,-9.815302585023853E-001,9.388876842755608E-003,-9.815302585023853E-001,9.388876842755608E-003,
1.282208938716474E+008,-9.814223900863158E-001,9.452952894447695E-003,-9.814223900863158E-001,9.452952894447695E-003,
1.309047383171961E+008,-9.812450049741333E-001,9.455989788321082E-003,-9.812450049741333E-001,9.455989788321082E-003,
1.336447594184396E+008,-9.810157024531332E-001,9.588495001391266E-003,-9.810157024531332E-001,9.588495001391266E-003,
1.364421330321420E+008,-9.809768753317568E-001,9.667302359702149E-003,-9.809768753317568E-001,9.667302359702149E-003,
1.392980596274105E+008,-9.808660083928983E-001,9.656142526670134E-003,-9.808660083928983E-001,9.656142526670134E-003,
1.422137648008667E+008,-9.807815186963238E-001,9.825523197721234E-003,-9.807815186963238E-001,9.825523197721234E-003,
1.451904998026009E+008,-9.805661526401390E-001,9.807193679894096E-003,-9.805661526401390E-001,9.807193679894096E-003,
1.482295420731354E+008,-9.804505947445272E-001,9.875548308273339E-003,-9.804505947445272E-001,9.875548308273339E-003,
1.513321957916272E+008,-9.802691108521155E-001,9.913048638066342E-003,-9.802691108521155E-001,9.913048638066342E-003,
1.544997924355456E+008,-9.801721139261642E-001,9.953084126497619E-003,-9.801721139261642E-001,9.953084126497619E-003,
1.577336913520643E+008,-9.801886538650417E-001,9.983468547614619E-003,-9.801886538650417E-001,9.983468547614619E-003,
1.610352803414134E+008,-9.800119609786002E-001,9.993879691367244E-003,-9.800119609786002E-001,9.993879691367244E-003,
1.644059762524427E+008,-9.798128548327685E-001,1.011878741767414E-002,-9.798128548327685E-001,1.011878741767414E-002,
1.678472255906498E+008,-9.796569133461659E-001,1.024796712656729E-002,-9.796569133461659E-001,1.024796712656729E-002,
1.713605051389360E+008,-9.794519601509224E-001,1.020044974028991E-002,-9.794519601509224E-001,1.020044974028991E-002,
1.749473225913547E+008,-9.794254164275764E-001,1.020172988920817E-002,-9.794254164275764E-001,1.020172988920817E-002,
1.786092172001261E+008,-9.791838699559660E-001,1.028985903768312E-002,-9.791838699559660E-001,1.028985903768312E-002,
1.823477604361935E+008,-9.791763468920718E-001,1.040501442327214E-002,-9.791763468920718E-001,1.040501442327214E-002,
1.861645566636073E+008,-9.790390117217543E-001,1.043794914239068E-002,-9.790390117217543E-001,1.043794914239068E-002,
1.900612438280239E+008,-9.789528838973883E-001,1.060857141639104E-002,-9.789528838973883E-001,1.060857141639104E-002,
1.940394941596160E+008,-9.787841835841636E-001,1.057901358288644E-002,-9.787841835841636E-001,1.057901358288644E-002,
1.981010148906965E+008,-9.786491109604117E-001,1.072823471603803E-002,-9.786491109604117E-001,1.072823471603803E-002,
2.022475489883622E+008,-9.785221216096807E-001,1.056273336912089E-002,-9.785221216096807E-001,1.056273336912089E-002,
2.064808759024735E+008,-9.783606584412303E-001,1.065830834881752E-002,-9.783606584412303E-001,1.065830834881752E-002,
2.108028123292904E+008,-9.780502779557796E-001,1.084686558830784E-002,-9.780502779557796E-001,1.084686558830784E-002,
2.152152129910917E+008,-9.780427915148318E-001,1.076414522726544E-002,-9.780427915148318E-001,1.076414522726544E-002,
2.197199714321140E+008,-9.778832917914189E-001,1.091842641813105E-002,-9.778832917914189E-001,1.091842641813105E-002,
2.243190208311496E+008,-9.778227712328936E-001,1.090651742357473E-002,-9.778227712328936E-001,1.090651742357473E-002,
2.290143348311539E+008,-9.776155779148732E-001,1.099388426274734E-002,-9.776155779148732E-001,1.099388426274734E-002,
2.338079283862175E+008,-9.774039555210845E-001,1.107456320322142E-002,-9.774039555210845E-001,1.107456320322142E-002,
2.387018586262668E+008,-9.773228685357187E-001,1.117947232996535E-002,-9.773228685357187E-001,1.117947232996535E-002,
2.436982257398635E+008,-9.771257802846372E-001,1.113017630220562E-002,-9.771257802846372E-001,1.113017630220562E-002,
2.487991738754827E+008,-9.769872785339147E-001,1.113850915894290E-002,-9.769872785339147E-001,1.113850915894290E-002,
2.540068920616564E+008,-9.769210045706862E-001,1.116272922738676E-002,-9.769210045706862E-001,1.116272922738676E-002,
2.593236151463760E+008,-9.766740863101709E-001,1.116478178837977E-002,-9.766740863101709E-001,1.116478178837977E-002,
2.647516247561587E+008,-9.765621973729615E-001,1.127350058175700E-002,-9.765621973729615E-001,1.127350058175700E-002,
2.702932502751876E+008,-9.764938809180430E-001,1.127702170680874E-002,-9.764938809180430E-001,1.127702170680874E-002,
2.759508698449477E+008,-9.762691915415809E-001,1.134696566241126E-002,-9.762691915415809E-001,1.134696566241126E-002,
2.817269113847850E+008,-9.762018928279037E-001,1.138450340436538E-002,-9.762018928279037E-001,1.138450340436538E-002,
2.876238536338270E+008,-9.759968115408584E-001,1.141292849506197E-002,-9.759968115408584E-001,1.141292849506197E-002,
2.936442272147132E+008,-9.757312863941020E-001,1.141820666886591E-002,-9.757312863941020E-001,1.141820666886591E-002,
2.997906157195895E+008,-9.756838800460824E-001,1.143140814153133E-002,-9.756838800460824E-001,1.143140814153133E-002,
3.060656568188355E+008,-9.755210526116498E-001,1.154819053302901E-002,-9.755210526116498E-001,1.154819053302901E-002,
3.124720433929982E+008,-9.754075915139163E-001,1.157431461538901E-002,-9.754075915139163E-001,1.157431461538901E-002,
3.190125246884183E+008,-9.751953226964338E-001,1.167922441062894E-002,-9.751953226964338E-001,1.167922441062894E-002,
3.256899074970465E+008,-9.749647945658823E-001,1.165800116281217E-002,-9.749647945658823E-001,1.165800116281217E-002,
3.325070573609542E+008,-9.749198012788557E-001,1.166694087688739E-002,-9.749198012788557E-001,1.166694087688739E-002,
3.394668998020564E+008,-9.747445573447453E-001,1.176268145347585E-002,-9.747445573447453E-001,1.176268145347585E-002,
3.465724215775746E+008,-9.745205417647223E-001,1.177792692880182E-002,-9.745205417647223E-001,1.177792692880182E-002,
3.538266719617783E+008,-9.743283531905446E-001,1.179803982937920E-002,-9.743283531905446E-001,1.179803982937920E-002,
3.612327640545553E+008,-9.742690632875212E-001,1.183310899305833E-002,-9.742690632875212E-001,1.183310899305833E-002,
3.687938761173719E+008,-9.740717743712533E-001,1.192474412414025E-002,-9.740717743712533E-001,1.192474412414025E-002,
3.765132529371966E+008,-9.739414470350727E-001,1.202871285726164E-002,-9.739414470350727E-001,1.202871285726164E-002,
3.843942072189731E+008,-9.738171083243437E-001,1.210232044951376E-002,-9.738171083243437E-001,1.210232044951376E-002,
3.924401210072396E+008,-9.737155747620347E-001,1.212106384058079E-002,-9.737155747620347E-001,1.212106384058079E-002,
4.006544471375042E+008,-9.735825372269835E-001,1.225741877382392E-002,-9.735825372269835E-001,1.225741877382392E-002,
4.090407107179998E+008,-9.734170088152101E-001,1.220424806743043E-002,-9.734170088152101E-001,1.220424806743043E-002,
4.176025106424546E+008,-9.732233679677075E-001,1.225426409586816E-002,-9.732233679677075E-001,1.225426409586816E-002,
4.263435211345269E+008,-9.731205764545714E-001,1.232135614943431E-002,-9.731205764545714E-001,1.232135614943431E-002,
4.352674933245664E+008,-9.729399400087502E-001,1.231311164614474E-002,-9.729399400087502E-001,1.231311164614474E-002,
4.443782568593804E+008,-9.727752034878548E-001,1.237282098147473E-002,-9.727752034878548E-001,1.237282098147473E-002,
4.536797215456938E+008,-9.725705220493440E-001,1.234584543851652E-002,-9.725705220493440E-001,1.234584543851652E-002,
4.631758790280099E+008,-9.725206845472498E-001,1.241826621674122E-002,-9.725206845472498E-001,1.241826621674122E-002,
4.728708045015902E+008,-9.723899972674742E-001,1.241864184994948E-002,-9.723899972674742E-001,1.241864184994948E-002,
4.827686584612901E+008,-9.721652755448327E-001,1.237654459872015E-002,-9.721652755448327E-001,1.237654459872015E-002,
4.928736884869999E+008,-9.719887771415000E-001,1.235550470579335E-002,-9.719887771415000E-001,1.235550470579335E-002,
5.031902310664573E+008,-9.717672166596889E-001,1.238267908266363E-002,-9.717672166596889E-001,1.238267908266363E-002,
5.137227134562149E+008,-9.715087280715919E-001,1.246120863344758E-002,-9.715087280715919E-001,1.246120863344758E-002,
5.244756555815587E+008,-9.712796209992085E-001,1.256839830055052E-002,-9.712796209992085E-001,1.256839830055052E-002,
5.354536719761968E+008,-9.711374269334001E-001,1.261821140261250E-002,-9.711374269334001E-001,1.261821140261250E-002,
5.466614737625463E+008,-9.710161042714144E-001,1.265358229625700E-002,-9.710161042714144E-001,1.265358229625700E-002,
5.581038706734722E+008,-9.708631153708356E-001,1.268227335312979E-002,-9.708631153708356E-001,1.268227335312979E-002,
5.697857731163427E+008,-9.707030808358962E-001,1.269547476763588E-002,-9.707030808358962E-001,1.269547476763588E-002,
5.817121942802894E+008,-9.704778763855650E-001,1.272825934605294E-002,-9.704778763855650E-001,1.272825934605294E-002,
5.938882522875744E+008,-9.703259106606925E-001,1.288792224409588E-002,-9.703259106606925E-001,1.288792224409588E-002,
6.063191723899891E+008,-9.700802167705381E-001,1.296769372766190E-002,-9.700802167705381E-001,1.296769372766190E-002,
6.190102892112266E+008,-9.699640996939813E-001,1.299878391578700E-002,-9.699640996939813E-001,1.299878391578700E-002,
6.319670490361900E+008,-9.699621244155586E-001,1.302879667362897E-002,-9.699621244155586E-001,1.302879667362897E-002,
6.451950121482195E+008,-9.698497767096294E-001,1.291828811094980E-002,-9.698497767096294E-001,1.291828811094980E-002,
6.586998552152404E+008,-9.695454322384722E-001,1.291607576448657E-002,-9.695454322384722E-001,1.291607576448657E-002,
6.724873737258571E+008,-9.693199109413857E-001,1.288493811852129E-002,-9.693199109413857E-001,1.288493811852129E-002,
6.865634844764381E+008,-9.690723933695684E-001,1.292899404449286E-002,-9.690723933695684E-001,1.292899404449286E-002,
7.009342281102579E+008,-9.689212675190697E-001,1.301564939107569E-002,-9.689212675190697E-001,1.301564939107569E-002,
7.156057717097888E+008,-9.687633949608007E-001,1.303285760166813E-002,-9.687633949608007E-001,1.303285760166813E-002,
7.305844114432513E+008,-9.685631534949485E-001,1.301385976793825E-002,-9.685631534949485E-001,1.301385976793825E-002,
7.458765752665610E+008,-9.683718085535171E-001,1.293437676920033E-002,-9.683718085535171E-001,1.293437676920033E-002,
7.614888256818322E+008,-9.681010832550643E-001,1.310806097527097E-002,-9.681010832550643E-001,1.310806097527097E-002,
7.774278625536187E+008,-9.680577528557635E-001,1.318020715117088E-002,-9.680577528557635E-001,1.318020715117088E-002,
7.937005259841044E+008,-9.681727179201866E-001,1.309689496274723E-002,-9.681727179201866E-001,1.309689496274723E-002,
8.103137992484750E+008,-9.679661547683649E-001,1.288196401200027E-002,-9.679661547683649E-001,1.288196401200027E-002,
8.272748117917309E+008,-9.676966656634294E-001,1.275054210810634E-002,-9.676966656634294E-001,1.275054210810634E-002,
8.445908422882283E+008,-9.674434907010381E-001,1.294925809455667E-002,-9.674434907010381E-001,1.294925809455667E-002,
8.622693217652600E+008,-9.673222352366103E-001,1.305564307308273E-002,-9.673222352366103E-001,1.305564307308273E-002,
8.803178367920179E+008,-9.671098274683944E-001,1.297020644112723E-002,-9.671098274683944E-001,1.297020644112723E-002,
8.987441327353046E+008,-9.668249437385925E-001,1.288031624918506E-002,-9.668249437385925E-001,1.288031624918506E-002,
9.175561170833916E+008,-9.665869179904543E-001,1.314294143840682E-002,-9.665869179904543E-001,1.314294143840682E-002,
9.367618628394508E+008,-9.666778469297718E-001,1.335391099716161E-002,-9.666778469297718E-001,1.335391099716161E-002,
9.563696119860154E+008,-9.667869704671075E-001,1.320034156287681E-002,-9.667869704671075E-001,1.320034156287681E-002,
9.763877790219561E+008,-9.665922407804142E-001,1.290918507218170E-002,-9.665922407804142E-001,1.290918507218170E-002,
9.968249545734922E+008,-9.663344629111490E-001,1.305786547691177E-002,-9.663344629111490E-001,1.305786547691177E-002,
1.017689909080786E+009,-9.665007071215446E-001,1.300975522900625E-002,-9.665007071215446E-001,1.300975522900625E-002,
1.038991596561701E+009,-9.662666169712388E-001,1.262522893033205E-002,-9.662666169712388E-001,1.262522893033205E-002,
1.060739158454346E+009,-9.658247262641952E-001,1.241208486741007E-002,-9.658247262641952E-001,1.241208486741007E-002,
1.082941927540042E+009,-9.653273311406112E-001,1.297010455108843E-002,-9.653273311406112E-001,1.297010455108843E-002,
1.105609431948408E+009,-9.657579218664105E-001,1.323837320529349E-002,-9.657579218664105E-001,1.323837320529349E-002,
1.128751399246275E+009,-9.657666747293640E-001,1.287767068366948E-002,-9.657666747293640E-001,1.287767068366948E-002,
1.152377760612193E+009,-9.655821073875333E-001,1.285214331203797E-002,-9.655821073875333E-001,1.285214331203797E-002,
1.176498655098304E+009,-9.657362445852066E-001,1.302313130719729E-002,-9.657362445852066E-001,1.302313130719729E-002,
1.201124433981439E+009,-9.655919731985625E-001,1.257615487608981E-002,-9.655919731985625E-001,1.257615487608981E-002,
1.226265665205275E+009,-9.650718147701869E-001,1.228813237862930E-002,-9.650718147701869E-001,1.228813237862930E-002,
1.251933137915478E+009,-9.647952993920687E-001,1.300224043231289E-002,-9.647952993920687E-001,1.300224043231289E-002,
1.278137867089775E+009,-9.651737166298779E-001,1.303422380676608E-002,-9.651737166298779E-001,1.303422380676608E-002,
1.304891098264939E+009,-9.650849179358036E-001,1.301269512245398E-002,-9.650849179358036E-001,1.301269512245398E-002,
1.332204312362714E+009,-9.656606906773729E-001,1.302944325630792E-002,-9.656606906773729E-001,1.302944325630792E-002,
1.360089230616753E+009,-9.654505291140061E-001,1.225989778056824E-002,-9.654505291140061E-001,1.225989778056824E-002,
1.388557819602690E+009,-9.647819134519311E-001,1.211821733240414E-002,-9.647819134519311E-001,1.211821733240414E-002,
1.417622296373492E+009,-9.647826715863430E-001,1.275133862826816E-002,-9.647826715863430E-001,1.275133862826816E-002,
1.447295133702302E+009,-9.647673332810318E-001,1.236895210326895E-002,-9.647673332810318E-001,1.236895210326895E-002,
1.477589065435027E+009,-9.644102683937706E-001,1.313249305382913E-002,-9.644102683937706E-001,1.313249305382913E-002,
1.508517091954956E+009,-9.655930667261451E-001,1.287122789113829E-002,-9.655930667261451E-001,1.287122789113829E-002,
1.540092485761767E+009,-9.650681213097662E-001,1.190745233668094E-002,-9.650681213097662E-001,1.190745233668094E-002,
1.572328797167307E+009,-9.647604512374363E-001,1.216963625542103E-002,-9.647604512374363E-001,1.216963625542103E-002,
1.605239860110590E+009,-9.644599811396046E-001,1.172059748572514E-002,-9.644599811396046E-001,1.172059748572514E-002,
1.638839798094518E+009,-9.640861957233700E-001,1.264919938766713E-002,-9.640861957233700E-001,1.264919938766713E-002,
1.673143030246862E+009,-9.651261435325980E-001,1.240364020192075E-002,-9.651261435325980E-001,1.240364020192075E-002,
1.708164277508106E+009,-9.647205258439701E-001,1.206292648083190E-002,-9.647205258439701E-001,1.206292648083190E-002,
1.743918568948813E+009,-9.650794481586859E-001,1.192871221771291E-002,-9.650794481586859E-001,1.192871221771291E-002,
1.780421248219227E+009,-9.641812884146326E-001,1.160505241778410E-002,-9.641812884146326E-001,1.160505241778410E-002,
1.817687980133866E+009,-9.647119452977097E-001,1.263935212868600E-002,-9.647119452977097E-001,1.263935212868600E-002,
1.855734757393946E+009,-9.647031944668810E-001,1.215660228421177E-002,-9.647031944668810E-001,1.215660228421177E-002,
1.894577907450513E+009,-9.655962357788784E-001,1.241174128746309E-002,-9.655962357788784E-001,1.241174128746309E-002,
1.934234099511226E+009,-9.648193935983598E-001,1.116540930481295E-002,-9.648193935983598E-001,1.116540930481295E-002,
1.974720351693812E+009,-9.645042476173483E-001,1.216762276334437E-002,-9.645042476173483E-001,1.216762276334437E-002,
2.016054038329243E+009,-9.641232616903074E-001,1.216732545064676E-002,-9.641232616903074E-001,1.216732545064676E-002,
2.058252897417781E+009,-9.652520920117416E-001,1.221296979395484E-002,-9.652520920117416E-001,1.221296979395484E-002,
2.101335038241093E+009,-9.646048048587006E-001,1.170301465674039E-002,-9.646048048587006E-001,1.170301465674039E-002,
2.145318949133695E+009,-9.650399038062223E-001,1.135241429908320E-002,-9.650399038062223E-001,1.135241429908320E-002,
2.190223505417061E+009,-9.641378193715230E-001,1.178922296224319E-002,-9.641378193715230E-001,1.178922296224319E-002,
2.236067977499810E+009,-9.653048091110703E-001,1.182343733958913E-002,-9.653048091110703E-001,1.182343733958913E-002,
2.282872039147435E+009,-9.654563866871865E-001,1.183959813463720E-002,-9.654563866871865E-001,1.183959813463720E-002,
2.330655775925136E+009,-9.649196095084146E-001,1.098701402322595E-002,-9.649196095084146E-001,1.098701402322595E-002,
2.379439693817366E+009,-9.653161985807246E-001,1.155210949326142E-002,-9.653161985807246E-001,1.155210949326142E-002,
2.429244728027800E+009,-9.650692012053830E-001,1.173497830549215E-002,-9.650692012053830E-001,1.173497830549215E-002,
2.480092251963504E+009,-9.655688385893511E-001,1.067224774326441E-002,-9.655688385893511E-001,1.067224774326441E-002,
2.532004086407146E+009,-9.652471373440268E-001,1.098725529187570E-002,-9.652471373440268E-001,1.098725529187570E-002,
2.585002508881200E+009,-9.650813685936124E-001,1.143556820787570E-002,-9.650813685936124E-001,1.143556820787570E-002,
2.639110263208160E+009,-9.657135227695934E-001,1.027535719912302E-002,-9.657135227695934E-001,1.027535719912302E-002,
2.694350569270853E+009,-9.657324811959376E-001,1.034587182474710E-002,-9.657324811959376E-001,1.034587182474710E-002,
2.750747132977056E+009,-9.655561371267605E-001,1.098287397066621E-002,-9.655561371267605E-001,1.098287397066621E-002,
2.808324156432685E+009,-9.659048784930949E-001,1.023839558283208E-002,-9.659048784930949E-001,1.023839558283208E-002,
2.867106348327923E+009,-9.658905005970965E-001,9.573176768701286E-003,-9.658905005970965E-001,9.573176768701286E-003,
2.927118934540746E+009,-9.664060724748682E-001,1.011583057746724E-002,-9.664060724748682E-001,1.011583057746724E-002,
2.988387668962389E+009,-9.664029085075317E-001,9.667479195319460E-003,-9.664029085075317E-001,9.667479195319460E-003,
3.050938844549417E+009,-9.656461395522716E-001,9.375903263903156E-003,-9.656461395522716E-001,9.375903263903156E-003,
3.114799304607116E+009,-9.666050288331095E-001,8.910025136153153E-003,-9.666050288331095E-001,8.910025136153153E-003,
3.179996454309075E+009,-9.669683944323064E-001,8.330882387805071E-003,-9.669683944323064E-001,8.330882387805071E-003,
3.246558272457882E+009,-9.667427044644733E-001,8.871032181178667E-003,-9.667427044644733E-001,8.871032181178667E-003,
3.314513323491987E+009,-9.675532103720741E-001,8.341195442399436E-003,-9.675532103720741E-001,8.341195442399436E-003,
3.383890769743891E+009,-9.668684993785893E-001,7.688457644655938E-003,-9.668684993785893E-001,7.688457644655938E-003,
3.454720383954909E+009,-9.671680722206885E-001,8.271999597293120E-003,-9.671680722206885E-001,8.271999597293120E-003,
3.527032562051896E+009,-9.678011256053158E-001,7.273467159252323E-003,-9.678011256053158E-001,7.273467159252323E-003,
3.600858336191391E+009,-9.671875369500236E-001,6.203799600803521E-003,-9.671875369500236E-001,6.203799600803521E-003,
3.676229388076813E+009,-9.685189565708824E-001,6.451745625053260E-003,-9.685189565708824E-001,6.451745625053260E-003,
3.753178062554387E+009,-9.679671157578312E-001,4.486500843716383E-003,-9.679671157578312E-001,4.486500843716383E-003,
3.831737381493663E+009,-9.680333379041617E-001,5.735305517223716E-003,-9.680333379041617E-001,5.735305517223716E-003,
3.911941057958573E+009,-9.688630897038167E-001,3.598051465495054E-003,-9.688630897038167E-001,3.598051465495054E-003,
3.993823510675101E+009,-9.673945970932169E-001,4.846814644051130E-003,-9.673945970932169E-001,4.846814644051130E-003,
4.077419878801790E+009,-9.694540271306962E-001,3.187940854277177E-003,-9.694540271306962E-001,3.187940854277177E-003,
4.162766037009410E+009,-9.675423803385554E-001,2.986612486022496E-003,-9.675423803385554E-001,2.986612486022496E-003,
4.249898610876274E+009,-9.701104545837271E-001,2.206794722213286E-003,-9.701104545837271E-001,2.206794722213286E-003,
4.338854992605786E+009,-9.677379702108104E-001,1.924089348658047E-003,-9.677379702108104E-001,1.924089348658047E-003,
4.429673357072994E+009,-9.702321759643930E-001,6.357981054743203E-004,-9.702321759643930E-001,6.357981054743203E-004,
4.522392678207007E+009,-9.682259518867844E-001,-8.422568266631517E-005,-9.682259518867844E-001,-8.422568266631517E-005,
4.617052745716332E+009,-9.696256494092086E-001,-5.158643290809848E-004,-9.696256494092086E-001,-5.158643290809848E-004,
4.713694182164284E+009,-9.682624966881406E-001,-9.132019820973426E-004,-9.682624966881406E-001,-9.132019820973426E-004,
4.812358460401814E+009,-9.696228317197942E-001,-2.313172092002529E-003,-9.696228317197942E-001,-2.313172092002529E-003,
4.913087921365233E+009,-9.686911842124321E-001,-3.450518485841603E-003,-9.686911842124321E-001,-3.450518485841603E-003,
5.015925792246465E+009,-9.690114468355140E-001,-4.691587802814069E-003,-9.690114468355140E-001,-4.691587802814069E-003,
5.120916205043626E+009,-9.684628635899673E-001,-4.837189258788429E-003,-9.684628635899673E-001,-4.837189258788429E-003,
5.228104215499899E+009,-9.680973492995965E-001,-6.661676412908987E-003,-9.680973492995965E-001,-6.661676412908987E-003,
5.337535822438821E+009,-9.682207588997803E-001,-7.013139471841541E-003,-9.682207588997803E-001,-7.013139471841541E-003,
5.449257987504287E+009,-9.679743735503785E-001,-8.106786991952782E-003,-9.679743735503785E-001,-8.106786991952782E-003,
5.563318655313743E+009,-9.672306334843450E-001,-1.109644531112465E-002,-9.672306334843450E-001,-1.109644531112465E-002,
5.679766774033207E+009,-9.683551273653879E-001,-1.085019201140936E-002,-9.683551273653879E-001,-1.085019201140936E-002,
5.798652316382962E+009,-9.668151732802202E-001,-1.161402510985266E-002,-9.668151732802202E-001,-1.161402510985266E-002,
5.920026301082923E+009,-9.665443220439707E-001,-1.515708491434914E-002,-9.665443220439707E-001,-1.515708491434914E-002,
6.043940814746885E+009,-9.677877596079401E-001,-1.500050800310938E-002,-9.677877596079401E-001,-1.500050800310938E-002,
6.170449034235055E+009,-9.663879607202562E-001,-1.617409287143225E-002,-9.663879607202562E-001,-1.617409287143225E-002,
6.299605249474443E+009,-9.657679568684415E-001,-1.917253860090794E-002,-9.657679568684415E-001,-1.917253860090794E-002,
6.431464886756929E+009,-9.665849756704255E-001,-1.999789336342038E-002,-9.665849756704255E-001,-1.999789336342038E-002,
6.566084532524983E+009,-9.650850892610476E-001,-2.144981495081396E-002,-9.650850892610476E-001,-2.144981495081396E-002,
6.703521957655251E+009,-9.636242160043738E-001,-2.345149709364581E-002,-9.636242160043738E-001,-2.345149709364581E-002,
6.843836142250444E+009,-9.639718684880877E-001,-2.649836857293457E-002,-9.639718684880877E-001,-2.649836857293457E-002,
6.987087300950141E+009,-9.635412239912796E-001,-2.775106662166020E-002,-9.635412239912796E-001,-2.775106662166020E-002,
7.133336908771395E+009,-9.624959510927535E-001,-2.957011456820419E-002,-9.624959510927535E-001,-2.957011456820419E-002,
7.282647727490209E+009,-9.622268187070815E-001,-3.114075719734225E-002,-9.622268187070815E-001,-3.114075719734225E-002,
7.435083832575221E+009,-9.607676823140583E-001,-3.274190859851489E-002,-9.607676823140583E-001,-3.274190859851489E-002,
7.590710640685147E+009,-9.597116942089570E-001,-3.510877501534787E-002,-9.597116942089570E-001,-3.510877501534787E-002,
7.749594937741785E+009,-9.593486717198081E-001,-3.699240042265898E-002,-9.593486717198081E-001,-3.699240042265898E-002,
7.911804907590622E+009,-9.584306495805914E-001,-3.984115328461217E-002,-9.584306495805914E-001,-3.984115328461217E-002,
8.077410161261354E+009,-9.580023334455182E-001,-4.177866705913557E-002,-9.580023334455182E-001,-4.177866705913557E-002,
8.246481766840870E+009,-9.574500440645459E-001,-4.378100605430169E-002,-9.574500440645459E-001,-4.378100605430169E-002,
8.419092279971513E+009,-9.565826255440371E-001,-4.590691439619151E-002,-9.565826255440371E-001,-4.590691439619151E-002,
8.595315774987719E+009,-9.554522537394009E-001,-4.752728109763746E-002,-9.554522537394009E-001,-4.752728109763746E-002,
8.775227876704388E+009,-9.544948847366085E-001,-5.002156710091186E-002,-9.544948847366085E-001,-5.002156710091186E-002,
8.958905792870632E+009,-9.533558000943685E-001,-5.220329720490528E-002,-9.533558000943685E-001,-5.220329720490528E-002,
9.146428347302822E+009,-9.521226347203943E-001,-5.336055720756765E-002,-9.521226347203943E-001,-5.336055720756765E-002,
9.337876013711161E+009,-9.513240460383791E-001,-5.743836776375458E-002,-9.513240460383791E-001,-5.743836776375458E-002,
9.533330950234287E+009,-9.501621783848983E-001,-5.847023031603607E-002,-9.501621783848983E-001,-5.847023031603607E-002,
9.732877034696749E+009,-9.493289037039117E-001,-6.021209996105434E-002,-9.493289037039117E-001,-6.021209996105434E-002,
9.936599900604454E+009,-9.487844657751939E-001,-6.222081137823358E-002,-9.487844657751939E-001,-6.222081137823358E-002,
1.014458697389356E+010,-9.487083498458875E-001,-6.439885062904863E-002,-9.487083498458875E-001,-6.439885062904863E-002,
1.035692751044859E+010,-9.488062830312093E-001,-6.643966700748082E-002,-9.488062830312093E-001,-6.643966700748082E-002,
1.057371263440579E+010,-9.486824910232052E-001,-6.859414097726845E-002,-9.486824910232052E-001,-6.859414097726845E-002,
1.079503537725833E+010,-9.488473881365467E-001,-7.048077973706510E-002,-9.488473881365467E-001,-7.048077973706510E-002,
1.102099071777997E+010,-9.486003087853482E-001,-7.260745291360930E-002,-9.486003087853482E-001,-7.260745291360930E-002,
1.125167562278435E+010,-9.491773352497388E-001,-7.444207665489153E-002,-9.491773352497388E-001,-7.444207665489153E-002,
1.148718908873753E+010,-9.503207085612290E-001,-7.643765040901357E-002,-9.503207085612290E-001,-7.643765040901357E-002,
1.172763218424143E+010,-9.510017310444371E-001,-7.704776240381928E-002,-9.510017310444371E-001,-7.704776240381928E-002,
1.197310809340661E+010,-9.527712117400098E-001,-7.885578374785372E-002,-9.527712117400098E-001,-7.885578374785372E-002,
1.222372216013282E+010,-9.540288916606593E-001,-8.009833432323735E-002,-9.540288916606593E-001,-8.009833432323735E-002,
1.247958193331646E+010,-9.563438521071246E-001,-8.086006532530340E-002,-9.563438521071246E-001,-8.086006532530340E-002,
1.274079721300426E+010,-9.583277256960054E-001,-8.305803743434460E-002,-9.583277256960054E-001,-8.305803743434460E-002,
1.300748009751303E+010,-9.608664687224811E-001,-8.344105449514710E-002,-9.608664687224811E-001,-8.344105449514710E-002,
1.327974503153573E+010,-9.639133818734201E-001,-8.445701695487692E-002,-9.639133818734201E-001,-8.445701695487692E-002,
1.355770885525442E+010,-9.667181980605426E-001,-8.513296777423632E-002,-9.667181980605426E-001,-8.513296777423632E-002,
1.384149085448120E+010,-9.694657693613754E-001,-8.572506867306923E-002,-9.694657693613754E-001,-8.572506867306923E-002,
1.413121281184877E+010,-9.731982362954582E-001,-8.667576670671817E-002,-9.731982362954582E-001,-8.667576670671817E-002,
1.442699905907235E+010,-9.767789453475148E-001,-8.572290341887234E-002,-9.767789453475148E-001,-8.572290341887234E-002,
1.472897653030561E+010,-9.794524587252872E-001,-8.608038356046430E-002,-9.794524587252872E-001,-8.608038356046430E-002,
1.503727481661337E+010,-9.832113272941337E-001,-8.654358619330069E-002,-9.832113272941337E-001,-8.654358619330069E-002,
1.535202622158452E+010,-9.857561700480143E-001,-8.448186338969382E-002,-9.857561700480143E-001,-8.448186338969382E-002,
1.567336581810895E+010,-9.880211879711596E-001,-8.408837378565826E-002,-9.880211879711596E-001,-8.408837378565826E-002,
1.600143150634299E+010,-9.896627642050503E-001,-8.417690769338487E-002,-9.896627642050503E-001,-8.417690769338487E-002,
1.633636407288800E+010,-9.915050492619206E-001,-8.334798463053095E-002,-9.915050492619206E-001,-8.334798463053095E-002,
1.667830725120785E+010,-9.926690518977029E-001,-8.381704180543224E-002,-9.926690518977029E-001,-8.381704180543224E-002,
1.702740778331081E+010,-9.932015420836120E-001,-8.410283799229364E-002,-9.932015420836120E-001,-8.410283799229364E-002,
1.738381548272271E+010,-9.917169068729889E-001,-8.248449776379260E-002,-9.917169068729889E-001,-8.248449776379260E-002,
1.774768329877812E+010,-9.908756420894908E-001,-8.174595408644836E-002,-9.908756420894908E-001,-8.174595408644836E-002,
1.811916738225725E+010,-9.877630701245179E-001,-8.204453128656285E-002,-9.877630701245179E-001,-8.204453128656285E-002,
1.849842715239673E+010,-9.835445860273637E-001,-8.480856250548191E-002,-9.835445860273637E-001,-8.480856250548191E-002,
1.888562536530301E+010,-9.795422869405286E-001,-8.553864553558137E-002,-9.795422869405286E-001,-8.553864553558137E-002,
1.928092818379779E+010,-9.756844266323179E-001,-8.620867335087259E-002,-9.756844266323179E-001,-8.620867335087259E-002,
1.968450524872536E+010,-9.709263633059498E-001,-8.811085855066703E-002,-9.709263633059498E-001,-8.811085855066703E-002,
2.009652975175254E+010,-9.654907036331264E-001,-9.409503141473381E-002,-9.654907036331264E-001,-9.409503141473381E-002,
2.051717850969239E+010,-9.598904087290727E-001,-9.815182962508744E-002,-9.598904087290727E-001,-9.815182962508744E-002,
2.094663204038366E+010,-9.554300841989036E-001,-1.035170767990711E-001,-9.554300841989036E-001,-1.035170767990711E-001,
2.138507464015848E+010,-9.507294107476835E-001,-1.090114620757727E-001,-9.507294107476835E-001,-1.090114620757727E-001,
2.183269446293157E+010,-9.467446358768601E-001,-1.158778575038675E-001,-9.467446358768601E-001,-1.158778575038675E-001,
2.228968360094489E+010,-9.440639519074623E-001,-1.242538212363185E-001,-9.440639519074623E-001,-1.242538212363185E-001,
2.275623816720238E+010,-9.423186313359220E-001,-1.317234445533503E-001,-9.423186313359220E-001,-1.317234445533503E-001,
2.323255837963022E+010,-9.414982429099827E-001,-1.408552292510552E-001,-9.414982429099827E-001,-1.408552292510552E-001,
2.371884864699861E+010,-9.436530432959327E-001,-1.514954624137821E-001,-9.436530432959327E-001,-1.514954624137821E-001,
2.421531765664209E+010,-9.467836951688522E-001,-1.638003321489874E-001,-9.467836951688522E-001,-1.638003321489874E-001,
2.472217846401591E+010,-9.518658431913866E-001,-1.727211208046681E-001,-9.518658431913866E-001,-1.727211208046681E-001,
2.523964858412701E+010,-9.588183406551653E-001,-1.843869229229563E-001,-9.588183406551653E-001,-1.843869229229563E-001,
2.576795008487867E+010,-9.670002333333740E-001,-1.965873707008451E-001,-9.670002333333740E-001,-1.965873707008451E-001,
2.630730968236913E+010,-9.764419029946925E-001,-2.046007597181236E-001,-9.764419029946925E-001,-2.046007597181236E-001,
2.685795883818483E+010,-9.844833716107626E-001,-2.211077112866227E-001,-9.844833716107626E-001,-2.211077112866227E-001,
2.742013385873019E+010,-9.923333073697627E-001,-2.369963249528433E-001,-9.923333073697627E-001,-2.369963249528433E-001,
2.799407599663654E+010,-9.982180259621151E-001,-2.480640348364371E-001,-9.982180259621151E-001,-2.480640348364371E-001,
2.858003155429355E+010,-1.004904508602329E+000,-2.568605595082885E-001,-1.004904508602329E+000,-2.568605595082885E-001,
2.917825198954789E+010,-1.007984010181053E+000,-2.747764441853129E-001,-1.007984010181053E+000,-2.747764441853129E-001,
2.978899402361419E+010,-1.005512965716447E+000,-2.881893155888421E-001,-1.005512965716447E+000,-2.881893155888421E-001,
3.041251975124476E+010,-1.002056433006813E+000,-2.893974916066757E-001,-1.002056433006813E+000,-2.893974916066757E-001,
3.104909675320535E+010,-9.947590220166875E-001,-2.965630557561523E-001,-9.947590220166875E-001,-2.965630557561523E-001,
3.169899821110511E+010,-9.834372066447532E-001,-3.052856475398504E-001,-9.834372066447532E-001,-3.052856475398504E-001,
3.236250302463025E+010,-9.649704129378981E-001,-3.131400185484589E-001,-9.649704129378981E-001,-3.131400185484589E-001,
3.303989593123136E+010,-9.511054956325526E-001,-3.170473863465567E-001,-9.511054956325526E-001,-3.170473863465567E-001,
3.373146762831615E+010,-9.338582277847403E-001,-3.249421541282203E-001,-9.338582277847403E-001,-3.249421541282203E-001,
3.443751489799971E+010,-9.212833075192340E-001,-3.223431484226084E-001,-9.212833075192340E-001,-3.223431484226084E-001,
3.515834073446610E+010,-9.068662087663384E-001,-3.290597338062544E-001,-9.068662087663384E-001,-3.290597338062544E-001,
3.589425447399565E+010,-8.982344480691340E-001,-3.336123216690523E-001,-8.982344480691340E-001,-3.336123216690523E-001,
3.664557192771407E+010,-8.881099873797386E-001,-3.421570127985926E-001,-8.881099873797386E-001,-3.421570127985926E-001,
3.741261551712006E+010,-8.876839596965515E-001,-3.458340479762199E-001,-8.876839596965515E-001,-3.458340479762199E-001,
3.819571441244975E+010,-8.870130996493200E-001,-3.623702053592938E-001,-8.870130996493200E-001,-3.623702053592938E-001,
3.899520467393736E+010,-8.901587071940302E-001,-3.690482992230963E-001,-8.901587071940302E-001,-3.690482992230963E-001,
3.981142939603255E+010,-8.961677334510112E-001,-3.795970502511676E-001,-8.961677334510112E-001,-3.795970502511676E-001,
4.064473885463650E+010,-9.006027016494841E-001,-3.877361515318519E-001,-9.006027016494841E-001,-3.877361515318519E-001,
4.149549065741983E+010,-9.030776841817093E-001,-3.990621328175876E-001,-9.030776841817093E-001,-3.990621328175876E-001,
4.236404989728691E+010,-9.014258307412937E-001,-4.055919909146317E-001,-9.014258307412937E-001,-4.055919909146317E-001,
4.325078930905235E+010,-8.994653348395905E-001,-4.056925639609750E-001,-8.994653348395905E-001,-4.056925639609750E-001,
4.415608942939697E+010,-8.913854702058552E-001,-4.042155312511798E-001,-8.913854702058552E-001,-4.042155312511798E-001,
4.508033876017195E+010,-8.848925666147108E-001,-3.882815147619259E-001,-8.848925666147108E-001,-3.882815147619259E-001,
4.602393393512102E+010,-8.785424322312387E-001,-3.625128677044905E-001,-8.785424322312387E-001,-3.625128677044905E-001,
4.698727989009248E+010,-8.818563002140610E-001,-3.388253258221510E-001,-8.818563002140610E-001,-3.388253258221510E-001,
4.797079003681400E+010,-8.833898173853011E-001,-3.084684316497501E-001,-8.833898173853011E-001,-3.084684316497501E-001,
4.897488644030473E+010,-8.947806795120343E-001,-2.794016082385621E-001,-8.947806795120343E-001,-2.794016082385621E-001,
5.000000000000000E+010,-9.162367375035871E-001,-2.495235048660980E-001,-9.162367375035871E-001,-2.495235048660980E-001,
