% Version 1.00
%
%freq[Hz],re:Trc1_S11,im:Trc1_S11,re:Trc2_S11,im:Trc2_S11,
1.000000000000000E+008,3.619054509495881E-001,-1.131509659860922E-002,3.619054509495881E-001,-1.131509659860922E-002,
1.020931412693436E+008,3.618042416557679E-001,-1.130483657239646E-002,3.618042416557679E-001,-1.130483657239646E-002,
1.042300949424215E+008,3.615745145390485E-001,-1.142945103659512E-002,3.615745145390485E-001,-1.142945103659512E-002,
1.064117780747374E+008,3.615436849968767E-001,-1.170170826603016E-002,3.615436849968767E-001,-1.170170826603016E-002,
1.086391269170620E+008,3.615365483368347E-001,-1.184732535103009E-002,3.615365483368347E-001,-1.184732535103009E-002,
1.109130973172177E+008,3.614736191568644E-001,-1.189728466577792E-002,3.614736191568644E-001,-1.189728466577792E-002,
1.132346651302716E+008,3.613598109814923E-001,-1.201277118191947E-002,3.613598109814923E-001,-1.201277118191947E-002,
1.156048266373163E+008,3.613899046785670E-001,-1.230842859498902E-002,3.613899046785670E-001,-1.230842859498902E-002,
1.180245989730151E+008,3.613028795470653E-001,-1.243762539040513E-002,3.613028795470653E-001,-1.243762539040513E-002,
1.204950205620966E+008,3.612322770162593E-001,-1.256415247807518E-002,3.612322770162593E-001,-1.256415247807518E-002,
1.230171515649859E+008,3.611881292395508E-001,-1.260620515774617E-002,3.611881292395508E-001,-1.260620515774617E-002,
1.255920743327636E+008,3.612001339787468E-001,-1.289457590620647E-002,3.612001339787468E-001,-1.289457590620647E-002,
1.282208938716474E+008,3.611089035993088E-001,-1.286693326239983E-002,3.611089035993088E-001,-1.286693326239983E-002,
1.309047383171961E+008,3.611500722595120E-001,-1.318114713347327E-002,3.611500722595120E-001,-1.318114713347327E-002,
1.336447594184396E+008,3.611216183805334E-001,-1.340501075174887E-002,3.611216183805334E-001,-1.340501075174887E-002,
1.364421330321420E+008,3.610690980439276E-001,-1.350701920805709E-002,3.610690980439276E-001,-1.350701920805709E-002,
1.392980596274105E+008,3.609820759890892E-001,-1.371830107947599E-002,3.609820759890892E-001,-1.371830107947599E-002,
1.422137648008667E+008,3.609379447969520E-001,-1.376371126740320E-002,3.609379447969520E-001,-1.376371126740320E-002,
1.451904998026009E+008,3.608523736037714E-001,-1.416912647571695E-002,3.608523736037714E-001,-1.416912647571695E-002,
1.482295420731354E+008,3.608696716191036E-001,-1.432065875711238E-002,3.608696716191036E-001,-1.432065875711238E-002,
1.513321957916272E+008,3.608266325968988E-001,-1.440124803507073E-002,3.608266325968988E-001,-1.440124803507073E-002,
1.544997924355456E+008,3.608373816226050E-001,-1.478817056868993E-002,3.608373816226050E-001,-1.478817056868993E-002,
1.577336913520643E+008,3.608217289661317E-001,-1.498969185963162E-002,3.608217289661317E-001,-1.498969185963162E-002,
1.610352803414134E+008,3.608078572180817E-001,-1.511443635171372E-002,3.608078572180817E-001,-1.511443635171372E-002,
1.644059762524427E+008,3.607248598495307E-001,-1.537920346470271E-002,3.607248598495307E-001,-1.537920346470271E-002,
1.678472255906498E+008,3.607175402337730E-001,-1.560794310895443E-002,3.607175402337730E-001,-1.560794310895443E-002,
1.713605051389360E+008,3.607056247491093E-001,-1.577296910911066E-002,3.607056247491093E-001,-1.577296910911066E-002,
1.749473225913547E+008,3.606371097162583E-001,-1.602720074712712E-002,3.606371097162583E-001,-1.602720074712712E-002,
1.786092172001261E+008,3.606057752236104E-001,-1.627307786601937E-002,3.606057752236104E-001,-1.627307786601937E-002,
1.823477604361935E+008,3.605847023153935E-001,-1.634139334050093E-002,3.605847023153935E-001,-1.634139334050093E-002,
1.861645566636073E+008,3.605206537726314E-001,-1.671299950081869E-002,3.605206537726314E-001,-1.671299950081869E-002,
1.900612438280239E+008,3.604609298178304E-001,-1.700939466368728E-002,3.604609298178304E-001,-1.700939466368728E-002,
1.940394941596160E+008,3.603873372280154E-001,-1.723931331885483E-002,3.603873372280154E-001,-1.723931331885483E-002,
1.981010148906965E+008,3.603089730308489E-001,-1.750452855224850E-002,3.603089730308489E-001,-1.750452855224850E-002,
2.022475489883622E+008,3.602415022631378E-001,-1.776891826846995E-002,3.602415022631378E-001,-1.776891826846995E-002,
2.064808759024735E+008,3.602088070014456E-001,-1.802930168248152E-002,3.602088070014456E-001,-1.802930168248152E-002,
2.108028123292904E+008,3.601399735526552E-001,-1.822128684185437E-002,3.601399735526552E-001,-1.822128684185437E-002,
2.152152129910917E+008,3.600506381058370E-001,-1.866356856070341E-002,3.600506381058370E-001,-1.866356856070341E-002,
2.197199714321140E+008,3.600386553245860E-001,-1.899431892867342E-002,3.600386553245860E-001,-1.899431892867342E-002,
2.243190208311496E+008,3.600089018216952E-001,-1.929744933765727E-002,3.600089018216952E-001,-1.929744933765727E-002,
2.290143348311539E+008,3.599385805301926E-001,-1.962907773948598E-002,3.599385805301926E-001,-1.962907773948598E-002,
2.338079283862175E+008,3.599372040410822E-001,-1.993424520229774E-002,3.599372040410822E-001,-1.993424520229774E-002,
2.387018586262668E+008,3.598508570957862E-001,-2.033373898749816E-002,3.598508570957862E-001,-2.033373898749816E-002,
2.436982257398635E+008,3.598313944895880E-001,-2.067639650969279E-002,3.598313944895880E-001,-2.067639650969279E-002,
2.487991738754827E+008,3.597677797026541E-001,-2.105202634567598E-002,3.597677797026541E-001,-2.105202634567598E-002,
2.540068920616564E+008,3.597200172225353E-001,-2.143009814828312E-002,3.597200172225353E-001,-2.143009814828312E-002,
2.593236151463760E+008,3.596346611495385E-001,-2.163875441581886E-002,3.596346611495385E-001,-2.163875441581886E-002,
2.647516247561587E+008,3.596036721416480E-001,-2.223624198912637E-002,3.596036721416480E-001,-2.223624198912637E-002,
2.702932502751876E+008,3.595499378642253E-001,-2.253128130222389E-002,3.595499378642253E-001,-2.253128130222389E-002,
2.759508698449477E+008,3.594690554851462E-001,-2.308739147152480E-002,3.594690554851462E-001,-2.308739147152480E-002,
2.817269113847850E+008,3.594380156802030E-001,-2.337437857201725E-002,3.594380156802030E-001,-2.337437857201725E-002,
2.876238536338270E+008,3.593716208652203E-001,-2.386558252218674E-002,3.593716208652203E-001,-2.386558252218674E-002,
2.936442272147132E+008,3.593487448062673E-001,-2.438975575850989E-002,3.593487448062673E-001,-2.438975575850989E-002,
2.997906157195895E+008,3.593566619817340E-001,-2.481073843935331E-002,3.593566619817340E-001,-2.481073843935331E-002,
3.060656568188355E+008,3.593432295320992E-001,-2.529019263612164E-002,3.593432295320992E-001,-2.529019263612164E-002,
3.124720433929982E+008,3.593550680334257E-001,-2.576455175701832E-002,3.593550680334257E-001,-2.576455175701832E-002,
3.190125246884183E+008,3.593291707172657E-001,-2.608602607887106E-002,3.593291707172657E-001,-2.608602607887106E-002,
3.256899074970465E+008,3.592905626141297E-001,-2.655299412868164E-002,3.592905626141297E-001,-2.655299412868164E-002,
3.325070573609542E+008,3.592145914919293E-001,-2.716280774328114E-002,3.592145914919293E-001,-2.716280774328114E-002,
3.394668998020564E+008,3.591935137372883E-001,-2.766821351549036E-002,3.591935137372883E-001,-2.766821351549036E-002,
3.465724215775746E+008,3.591385911028922E-001,-2.815032598747299E-002,3.591385911028922E-001,-2.815032598747299E-002,
3.538266719617783E+008,3.590831997233527E-001,-2.869609501020409E-002,3.590831997233527E-001,-2.869609501020409E-002,
3.612327640545553E+008,3.590285839151064E-001,-2.917865353048314E-002,3.590285839151064E-001,-2.917865353048314E-002,
3.687938761173719E+008,3.589233548653358E-001,-2.973422420837579E-002,3.589233548653358E-001,-2.973422420837579E-002,
3.765132529371966E+008,3.588517819536893E-001,-3.023095159000775E-002,3.588517819536893E-001,-3.023095159000775E-002,
3.843942072189731E+008,3.587939323218002E-001,-3.078618234578186E-002,3.587939323218002E-001,-3.078618234578186E-002,
3.924401210072396E+008,3.587049125579290E-001,-3.118049091550726E-002,3.587049125579290E-001,-3.118049091550726E-002,
4.006544471375042E+008,3.585974419172083E-001,-3.194437022522182E-002,3.585974419172083E-001,-3.194437022522182E-002,
4.090407107179998E+008,3.584922105529709E-001,-3.256300814731371E-002,3.584922105529709E-001,-3.256300814731371E-002,
4.176025106424546E+008,3.583961554638246E-001,-3.309839951721440E-002,3.583961554638246E-001,-3.309839951721440E-002,
4.263435211345269E+008,3.582870557768979E-001,-3.378987925719125E-002,3.582870557768979E-001,-3.378987925719125E-002,
4.352674933245664E+008,3.581785786383983E-001,-3.458433215815057E-002,3.581785786383983E-001,-3.458433215815057E-002,
4.443782568593804E+008,3.580434462686072E-001,-3.529481797877539E-002,3.580434462686072E-001,-3.529481797877539E-002,
4.536797215456938E+008,3.579753995596131E-001,-3.600190371343968E-002,3.579753995596131E-001,-3.600190371343968E-002,
4.631758790280099E+008,3.579357525129959E-001,-3.670323106752430E-002,3.579357525129959E-001,-3.670323106752430E-002,
4.728708045015902E+008,3.578828160492895E-001,-3.745562595515029E-002,3.578828160492895E-001,-3.745562595515029E-002,
4.827686584612901E+008,3.578148174383359E-001,-3.820966735798158E-002,3.578148174383359E-001,-3.820966735798158E-002,
4.928736884869999E+008,3.578570016178139E-001,-3.897212848270151E-002,3.578570016178139E-001,-3.897212848270151E-002,
5.031902310664573E+008,3.578105472025427E-001,-3.976703465989062E-002,3.578105472025427E-001,-3.976703465989062E-002,
5.137227134562149E+008,3.577183862138572E-001,-4.055324710518333E-002,3.577183862138572E-001,-4.055324710518333E-002,
5.244756555815587E+008,3.575917186885214E-001,-4.132774711543388E-002,3.575917186885214E-001,-4.132774711543388E-002,
5.354536719761968E+008,3.575323517030681E-001,-4.209458827028347E-002,3.575323517030681E-001,-4.209458827028347E-002,
5.466614737625463E+008,3.574528589836586E-001,-4.289698241601794E-002,3.574528589836586E-001,-4.289698241601794E-002,
5.581038706734722E+008,3.573185083166518E-001,-4.370770835393726E-002,3.573185083166518E-001,-4.370770835393726E-002,
5.697857731163427E+008,3.572303856804174E-001,-4.452516627444132E-002,3.572303856804174E-001,-4.452516627444132E-002,
5.817121942802894E+008,3.571129350345861E-001,-4.541388288050895E-002,3.571129350345861E-001,-4.541388288050895E-002,
5.938882522875744E+008,3.568614911535660E-001,-4.632336502259113E-002,3.568614911535660E-001,-4.632336502259113E-002,
6.063191723899891E+008,3.565975917321232E-001,-4.727019108723643E-002,3.565975917321232E-001,-4.727019108723643E-002,
6.190102892112266E+008,3.564140199883634E-001,-4.820877949643710E-002,3.564140199883634E-001,-4.820877949643710E-002,
6.319670490361900E+008,3.562751595111520E-001,-4.919989937981746E-002,3.562751595111520E-001,-4.919989937981746E-002,
6.451950121482195E+008,3.561355628408462E-001,-5.027063232088058E-002,3.561355628408462E-001,-5.027063232088058E-002,
6.586998552152404E+008,3.560786323210694E-001,-5.146559030942674E-002,3.560786323210694E-001,-5.146559030942674E-002,
6.724873737258571E+008,3.559254520026081E-001,-5.242550151303045E-002,3.559254520026081E-001,-5.242550151303045E-002,
6.865634844764381E+008,3.557375219553732E-001,-5.340509040356598E-002,3.557375219553732E-001,-5.340509040356598E-002,
7.009342281102579E+008,3.555940926952993E-001,-5.445325716081675E-002,3.555940926952993E-001,-5.445325716081675E-002,
7.156057717097888E+008,3.554584775756304E-001,-5.551594061258508E-002,3.554584775756304E-001,-5.551594061258508E-002,
7.305844114432513E+008,3.553977677784736E-001,-5.662537013904558E-002,3.553977677784736E-001,-5.662537013904558E-002,
7.458765752665610E+008,3.551689018056307E-001,-5.781905022473304E-002,3.551689018056307E-001,-5.781905022473304E-002,
7.614888256818322E+008,3.546833761350676E-001,-5.892026585457350E-002,3.546833761350676E-001,-5.892026585457350E-002,
7.774278625536187E+008,3.543468565094023E-001,-6.000317829943433E-002,3.543468565094023E-001,-6.000317829943433E-002,
7.937005259841044E+008,3.540459454160267E-001,-6.125634907099957E-002,3.540459454160267E-001,-6.125634907099957E-002,
8.103137992484750E+008,3.537730141324873E-001,-6.258606836548980E-002,3.537730141324873E-001,-6.258606836548980E-002,
8.272748117917309E+008,3.535785065422215E-001,-6.395131298164453E-002,3.535785065422215E-001,-6.395131298164453E-002,
8.445908422882283E+008,3.532777420752106E-001,-6.535963963546966E-002,3.532777420752106E-001,-6.535963963546966E-002,
8.622693217652600E+008,3.530760101341014E-001,-6.660789661461031E-002,3.530760101341014E-001,-6.660789661461031E-002,
8.803178367920179E+008,3.528740648037474E-001,-6.789426463836550E-002,3.528740648037474E-001,-6.789426463836550E-002,
8.987441327353046E+008,3.526859100186418E-001,-6.921709554485571E-002,3.526859100186418E-001,-6.921709554485571E-002,
9.175561170833916E+008,3.522132818032658E-001,-7.051451206001543E-002,3.522132818032658E-001,-7.051451206001543E-002,
9.367618628394508E+008,3.517441479317213E-001,-7.181130788204516E-002,3.517441479317213E-001,-7.181130788204516E-002,
9.563696119860154E+008,3.512251243112520E-001,-7.328905634807045E-002,3.512251243112520E-001,-7.328905634807045E-002,
9.763877790219561E+008,3.508347986330075E-001,-7.488662455676282E-002,3.508347986330075E-001,-7.488662455676282E-002,
9.968249545734922E+008,3.502761464073266E-001,-7.652156928409339E-002,3.502761464073266E-001,-7.652156928409339E-002,
1.017689909080786E+009,3.498535275935700E-001,-7.807053835521832E-002,3.498535275935700E-001,-7.807053835521832E-002,
1.038991596561701E+009,3.495510908088924E-001,-7.975448945363699E-002,3.495510908088924E-001,-7.975448945363699E-002,
1.060739158454346E+009,3.493554753320817E-001,-8.137376830576153E-002,3.493554753320817E-001,-8.137376830576153E-002,
1.082941927540042E+009,3.486257851944919E-001,-8.283240042632165E-002,3.486257851944919E-001,-8.283240042632165E-002,
1.105609431948408E+009,3.480894018382962E-001,-8.433550972789397E-002,3.480894018382962E-001,-8.433550972789397E-002,
1.128751399246275E+009,3.474778366891209E-001,-8.606656642481821E-002,3.474778366891209E-001,-8.606656642481821E-002,
1.152377760612193E+009,3.467949468215725E-001,-8.784506683251506E-002,3.467949468215725E-001,-8.784506683251506E-002,
1.176498655098304E+009,3.461113033251251E-001,-8.965448192015074E-002,3.461113033251251E-001,-8.965448192015074E-002,
1.201124433981439E+009,3.456481431539577E-001,-9.163916512562727E-002,3.456481431539577E-001,-9.163916512562727E-002,
1.226265665205275E+009,3.451865519939137E-001,-9.352108542125937E-002,3.451865519939137E-001,-9.352108542125937E-002,
1.251933137915478E+009,3.443864140367203E-001,-9.512857310918360E-002,3.443864140367203E-001,-9.512857310918360E-002,
1.278137867089775E+009,3.436586385731583E-001,-9.688939883994516E-002,3.436586385731583E-001,-9.688939883994516E-002,
1.304891098264939E+009,3.428154862973344E-001,-9.875796802443029E-002,3.428154862973344E-001,-9.875796802443029E-002,
1.332204312362714E+009,3.418795562411388E-001,-1.006218898218848E-001,3.418795562411388E-001,-1.006218898218848E-001,
1.360089230616753E+009,3.410827151748251E-001,-1.029029917105109E-001,3.410827151748251E-001,-1.029029917105109E-001,
1.388557819602690E+009,3.404036526299166E-001,-1.051086208567899E-001,3.404036526299166E-001,-1.051086208567899E-001,
1.417622296373492E+009,3.395287696201785E-001,-1.070425013391474E-001,3.395287696201785E-001,-1.070425013391474E-001,
1.447295133702302E+009,3.386736038282731E-001,-1.090772051848568E-001,3.386736038282731E-001,-1.090772051848568E-001,
1.477589065435027E+009,3.377176450208286E-001,-1.110430473716053E-001,3.377176450208286E-001,-1.110430473716053E-001,
1.508517091954956E+009,3.365150384449444E-001,-1.132301603132836E-001,3.365150384449444E-001,-1.132301603132836E-001,
1.540092485761767E+009,3.355692208204071E-001,-1.158590474718834E-001,3.355692208204071E-001,-1.158590474718834E-001,
1.572328797167307E+009,3.344241198180675E-001,-1.180871940454323E-001,3.344241198180675E-001,-1.180871940454323E-001,
1.605239860110590E+009,3.335742889637333E-001,-1.204416977963632E-001,3.335742889637333E-001,-1.204416977963632E-001,
1.638839798094518E+009,3.323083924375226E-001,-1.224947950856239E-001,3.323083924375226E-001,-1.224947950856239E-001,
1.673143030246862E+009,3.309382323475283E-001,-1.248372769782975E-001,3.309382323475283E-001,-1.248372769782975E-001,
1.708164277508106E+009,3.296035064804042E-001,-1.274880339375054E-001,3.296035064804042E-001,-1.274880339375054E-001,
1.743918568948813E+009,3.283894608027875E-001,-1.300714746273894E-001,3.283894608027875E-001,-1.300714746273894E-001,
1.780421248219227E+009,3.273745438275834E-001,-1.326152159668805E-001,3.273745438275834E-001,-1.326152159668805E-001,
1.817687980133866E+009,3.258323224363079E-001,-1.347656858357009E-001,3.258323224363079E-001,-1.347656858357009E-001,
1.855734757393946E+009,3.241212609921700E-001,-1.373159944928973E-001,3.241212609921700E-001,-1.373159944928973E-001,
1.894577907450513E+009,3.223789785040943E-001,-1.400481502667016E-001,3.223789785040943E-001,-1.400481502667016E-001,
1.934234099511226E+009,3.211239408627745E-001,-1.432526280025156E-001,3.211239408627745E-001,-1.432526280025156E-001,
1.974720351693812E+009,3.196179163179451E-001,-1.455307134137227E-001,3.196179163179451E-001,-1.455307134137227E-001,
2.016054038329243E+009,3.178553812029288E-001,-1.481833888670070E-001,3.178553812029288E-001,-1.481833888670070E-001,
2.058252897417781E+009,3.157589942771472E-001,-1.508404724649355E-001,3.157589942771472E-001,-1.508404724649355E-001,
2.101335038241093E+009,3.138524764476917E-001,-1.541787061484866E-001,3.138524764476917E-001,-1.541787061484866E-001,
2.145318949133695E+009,3.122768529546751E-001,-1.569420874695292E-001,3.122768529546751E-001,-1.569420874695292E-001,
2.190223505417061E+009,3.103360068824432E-001,-1.595158032445078E-001,3.103360068824432E-001,-1.595158032445078E-001,
2.236067977499810E+009,3.079291227315053E-001,-1.623589648587521E-001,3.079291227315053E-001,-1.623589648587521E-001,
2.282872039147435E+009,3.058969951178255E-001,-1.657050251723991E-001,3.058969951178255E-001,-1.657050251723991E-001,
2.330655775925136E+009,3.040765307762622E-001,-1.687621288507316E-001,3.040765307762622E-001,-1.687621288507316E-001,
2.379439693817366E+009,3.017834650458591E-001,-1.713245994872724E-001,3.017834650458591E-001,-1.713245994872724E-001,
2.429244728027800E+009,2.990737350292423E-001,-1.744390759484812E-001,2.990737350292423E-001,-1.744390759484812E-001,
2.480092251963504E+009,2.967971929330148E-001,-1.780304907883220E-001,2.967971929330148E-001,-1.780304907883220E-001,
2.532004086407146E+009,2.947432108587640E-001,-1.809909672029867E-001,2.947432108587640E-001,-1.809909672029867E-001,
2.585002508881200E+009,2.919526445913118E-001,-1.839556655348585E-001,2.919526445913118E-001,-1.839556655348585E-001,
2.639110263208160E+009,2.890295917106037E-001,-1.876451292361658E-001,2.890295917106037E-001,-1.876451292361658E-001,
2.694350569270853E+009,2.867862505924671E-001,-1.908956199148370E-001,2.867862505924671E-001,-1.908956199148370E-001,
2.750747132977056E+009,2.839367799735807E-001,-1.936175800385514E-001,2.839367799735807E-001,-1.936175800385514E-001,
2.808324156432685E+009,2.805812514252716E-001,-1.973743832807822E-001,2.805812514252716E-001,-1.973743832807822E-001,
2.867106348327923E+009,2.779297203961894E-001,-2.009673014280826E-001,2.779297203961894E-001,-2.009673014280826E-001,
2.927118934540746E+009,2.750285694922272E-001,-2.038059094071665E-001,2.750285694922272E-001,-2.038059094071665E-001,
2.988387668962389E+009,2.714169488482348E-001,-2.075764486312111E-001,2.714169488482348E-001,-2.075764486312111E-001,
3.050938844549417E+009,2.684459718014965E-001,-2.111180245240248E-001,2.684459718014965E-001,-2.111180245240248E-001,
3.114799304607116E+009,2.650017645364153E-001,-2.142098998830487E-001,2.650017645364153E-001,-2.142098998830487E-001,
3.179996454309075E+009,2.611927495629973E-001,-2.181634131051317E-001,2.611927495629973E-001,-2.181634131051317E-001,
3.246558272457882E+009,2.581010408423167E-001,-2.216571877844834E-001,2.581010408423167E-001,-2.216571877844834E-001,
3.314513323491987E+009,2.542417664718196E-001,-2.248750007637698E-001,2.542417664718196E-001,-2.248750007637698E-001,
3.383890769743891E+009,2.505806294757397E-001,-2.289537640313687E-001,2.505806294757397E-001,-2.289537640313687E-001,
3.454720383954909E+009,2.469819258882505E-001,-2.318871501477395E-001,2.469819258882505E-001,-2.318871501477395E-001,
3.527032562051896E+009,2.420561562698274E-001,-2.357704229088240E-001,2.420561562698274E-001,-2.357704229088240E-001,
3.600858336191391E+009,2.384248143504168E-001,-2.397687836732871E-001,2.384248143504168E-001,-2.397687836732871E-001,
3.676229388076813E+009,2.340652627001026E-001,-2.429402539924347E-001,2.340652627001026E-001,-2.429402539924347E-001,
3.753178062554387E+009,2.296506009265975E-001,-2.473111424940860E-001,2.296506009265975E-001,-2.473111424940860E-001,
3.831737381493663E+009,2.254380550315046E-001,-2.503907626990772E-001,2.254380550315046E-001,-2.503907626990772E-001,
3.911941057958573E+009,2.205908811629317E-001,-2.546367671399986E-001,2.205908811629317E-001,-2.546367671399986E-001,
3.993823510675101E+009,2.164639392651604E-001,-2.578222805485529E-001,2.164639392651604E-001,-2.578222805485529E-001,
4.077419878801790E+009,2.109400988676200E-001,-2.616836029041506E-001,2.109400988676200E-001,-2.616836029041506E-001,
4.162766037009410E+009,2.064968641791496E-001,-2.654455765973681E-001,2.064968641791496E-001,-2.654455765973681E-001,
4.249898610876274E+009,2.010529987564104E-001,-2.690777025868081E-001,2.010529987564104E-001,-2.690777025868081E-001,
4.338854992605786E+009,1.963970280390627E-001,-2.726518928623934E-001,1.963970280390627E-001,-2.726518928623934E-001,
4.429673357072994E+009,1.903063030452101E-001,-2.763609015240230E-001,1.903063030452101E-001,-2.763609015240230E-001,
4.522392678207007E+009,1.858177299254670E-001,-2.800577365326695E-001,1.858177299254670E-001,-2.800577365326695E-001,
4.617052745716332E+009,1.796219087654621E-001,-2.835683940653114E-001,1.796219087654621E-001,-2.835683940653114E-001,
4.713694182164284E+009,1.744561134157590E-001,-2.869016207604005E-001,1.744561134157590E-001,-2.869016207604005E-001,
4.812358460401814E+009,1.681617944295889E-001,-2.908304851660222E-001,1.681617944295889E-001,-2.908304851660222E-001,
4.913087921365233E+009,1.626012548468044E-001,-2.937390241572642E-001,1.626012548468044E-001,-2.937390241572642E-001,
5.015925792246465E+009,1.564890158620269E-001,-2.979477479768560E-001,1.564890158620269E-001,-2.979477479768560E-001,
5.120916205043626E+009,1.503920255075650E-001,-3.005432476463374E-001,1.503920255075650E-001,-3.005432476463374E-001,
5.228104215499899E+009,1.444336309093244E-001,-3.043274564060987E-001,1.444336309093244E-001,-3.043274564060987E-001,
5.337535822438821E+009,1.375536192856600E-001,-3.076216723507093E-001,1.375536192856600E-001,-3.076216723507093E-001,
5.449257987504287E+009,1.316462670102609E-001,-3.105683535207616E-001,1.316462670102609E-001,-3.105683535207616E-001,
5.563318655313743E+009,1.252444037176432E-001,-3.144585735096248E-001,1.252444037176432E-001,-3.144585735096248E-001,
5.679766774033207E+009,1.186346183155419E-001,-3.168553735396383E-001,1.186346183155419E-001,-3.168553735396383E-001,
5.798652316382962E+009,1.122180701218163E-001,-3.197670342586381E-001,1.122180701218163E-001,-3.197670342586381E-001,
5.920026301082923E+009,1.053922128448888E-001,-3.233168157127781E-001,1.053922128448888E-001,-3.233168157127781E-001,
6.043940814746885E+009,9.840894761045055E-002,-3.255373013725714E-001,9.840894761045055E-002,-3.255373013725714E-001,
6.170449034235055E+009,9.204759870717474E-002,-3.279220938656992E-001,9.204759870717474E-002,-3.279220938656992E-001,
6.299605249474443E+009,8.529087360885311E-002,-3.311959206198460E-001,8.529087360885311E-002,-3.311959206198460E-001,
6.431464886756929E+009,7.766860204504039E-002,-3.333031271106099E-001,7.766860204504039E-002,-3.333031271106099E-001,
6.566084532524983E+009,7.073958213099207E-002,-3.354538557426533E-001,7.073958213099207E-002,-3.354538557426533E-001,
6.703521957655251E+009,6.404164408440548E-002,-3.373470728165487E-001,6.404164408440548E-002,-3.373470728165487E-001,
6.843836142250444E+009,5.686342800023594E-002,-3.399554858823888E-001,5.686342800023594E-002,-3.399554858823888E-001,
6.987087300950141E+009,4.932122022130980E-002,-3.419147903183106E-001,4.932122022130980E-002,-3.419147903183106E-001,
7.133336908771395E+009,4.209255250439045E-002,-3.433041079214564E-001,4.209255250439045E-002,-3.433041079214564E-001,
7.282647727490209E+009,3.499981951584650E-002,-3.445838947315407E-001,3.499981951584650E-002,-3.445838947315407E-001,
7.435083832575221E+009,2.807206602712284E-002,-3.457504971512141E-001,2.807206602712284E-002,-3.457504971512141E-001,
7.590710640685147E+009,2.135928263422717E-002,-3.473712569907113E-001,2.135928263422717E-002,-3.473712569907113E-001,
7.749594937741785E+009,1.401789738912888E-002,-3.481323504408715E-001,1.401789738912888E-002,-3.481323504408715E-001,
7.911804907590622E+009,7.118546018791951E-003,-3.492845648974303E-001,7.118546018791951E-003,-3.492845648974303E-001,
8.077410161261354E+009,-3.328986752876708E-004,-3.499401944375770E-001,-3.328986752876708E-004,-3.499401944375770E-001,
8.246481766840870E+009,-7.172766737386900E-003,-3.504350892026468E-001,-7.172766737386900E-003,-3.504350892026468E-001,
8.419092279971513E+009,-1.428009546912770E-002,-3.507607367478682E-001,-1.428009546912770E-002,-3.507607367478682E-001,
8.595315774987719E+009,-2.115801406537530E-002,-3.506327860662825E-001,-2.115801406537530E-002,-3.506327860662825E-001,
8.775227876704388E+009,-2.814465840221717E-002,-3.504141581053087E-001,-2.814465840221717E-002,-3.504141581053087E-001,
8.958905792870632E+009,-3.480413113008596E-002,-3.497767326188084E-001,-3.480413113008596E-002,-3.497767326188084E-001,
9.146428347302822E+009,-4.132739268373586E-002,-3.484345722797535E-001,-4.132739268373586E-002,-3.484345722797535E-001,
9.337876013711161E+009,-4.819532979892205E-002,-3.483925948929765E-001,-4.819532979892205E-002,-3.483925948929765E-001,
9.533330950234287E+009,-5.465648000951866E-002,-3.461850406514350E-001,-5.465648000951866E-002,-3.461850406514350E-001,
9.732877034696749E+009,-6.109187519615657E-002,-3.444386182031013E-001,-6.109187519615657E-002,-3.444386182031013E-001,
9.936599900604454E+009,-6.803806763408946E-002,-3.425636728635986E-001,-6.803806763408946E-002,-3.425636728635986E-001,
1.014458697389356E+010,-7.476448856105976E-002,-3.406641383848228E-001,-7.476448856105976E-002,-3.406641383848228E-001,
1.035692751044859E+010,-8.179887197963211E-002,-3.390024896759311E-001,-8.179887197963211E-002,-3.390024896759311E-001,
1.057371263440579E+010,-8.751583020935297E-002,-3.371629982150839E-001,-8.751583020935297E-002,-3.371629982150839E-001,
1.079503537725833E+010,-9.386212175386112E-002,-3.345229463862626E-001,-9.386212175386112E-002,-3.345229463862626E-001,
1.102099071777997E+010,-9.946403905588641E-002,-3.313635961622876E-001,-9.946403905588641E-002,-3.313635961622876E-001,
1.125167562278435E+010,-1.061931810729522E-001,-3.284911701610491E-001,-1.061931810729522E-001,-3.284911701610491E-001,
1.148718908873753E+010,-1.131041202767857E-001,-3.260580321657652E-001,-1.131041202767857E-001,-3.260580321657652E-001,
1.172763218424143E+010,-1.190172593268291E-001,-3.217520746935211E-001,-1.190172593268291E-001,-3.217520746935211E-001,
1.197310809340661E+010,-1.268869438988614E-001,-3.192171039074562E-001,-1.268869438988614E-001,-3.192171039074562E-001,
1.222372216013282E+010,-1.320183432485342E-001,-3.157510054315715E-001,-1.320183432485342E-001,-3.157510054315715E-001,
1.247958193331646E+010,-1.396832269593638E-001,-3.114045756590925E-001,-1.396832269593638E-001,-3.114045756590925E-001,
1.274079721300426E+010,-1.461481783348393E-001,-3.098138175135444E-001,-1.461481783348393E-001,-3.098138175135444E-001,
1.300748009751303E+010,-1.531155802607437E-001,-3.051429097435771E-001,-1.531155802607437E-001,-3.051429097435771E-001,
1.327974503153573E+010,-1.604057969769760E-001,-3.024235022262851E-001,-1.604057969769760E-001,-3.024235022262851E-001,
1.355770885525442E+010,-1.672284829134418E-001,-2.984986788243431E-001,-1.672284829134418E-001,-2.984986788243431E-001,
1.384149085448120E+010,-1.736328017009791E-001,-2.956082145672396E-001,-1.736328017009791E-001,-2.956082145672396E-001,
1.413121281184877E+010,-1.817299683842027E-001,-2.927281694229763E-001,-1.817299683842027E-001,-2.927281694229763E-001,
1.442699905907235E+010,-1.887641634697038E-001,-2.888345487721803E-001,-1.887641634697038E-001,-2.888345487721803E-001,
1.472897653030561E+010,-1.954455438249624E-001,-2.862916514137505E-001,-1.954455438249624E-001,-2.862916514137505E-001,
1.503727481661337E+010,-2.031304618475845E-001,-2.836289362656285E-001,-2.031304618475845E-001,-2.836289362656285E-001,
1.535202622158452E+010,-2.106662836725237E-001,-2.795141062426685E-001,-2.106662836725237E-001,-2.795141062426685E-001,
1.567336581810895E+010,-2.176520327587344E-001,-2.764244959957094E-001,-2.176520327587344E-001,-2.764244959957094E-001,
1.600143150634299E+010,-2.244447868957290E-001,-2.742833567493788E-001,-2.244447868957290E-001,-2.742833567493788E-001,
1.633636407288800E+010,-2.317859217967880E-001,-2.716133026680000E-001,-2.317859217967880E-001,-2.716133026680000E-001,
1.667830725120785E+010,-2.392454690709836E-001,-2.696612532019023E-001,-2.392454690709836E-001,-2.696612532019023E-001,
1.702740778331081E+010,-2.463387262778419E-001,-2.676503327859831E-001,-2.463387262778419E-001,-2.676503327859831E-001,
1.738381548272271E+010,-2.522278098913132E-001,-2.643315781463635E-001,-2.522278098913132E-001,-2.643315781463635E-001,
1.774768329877812E+010,-2.586129632314869E-001,-2.612958888527098E-001,-2.586129632314869E-001,-2.612958888527098E-001,
1.811916738225725E+010,-2.642534031394674E-001,-2.580808895037158E-001,-2.642534031394674E-001,-2.580808895037158E-001,
1.849842715239673E+010,-2.685767266067733E-001,-2.557417222717550E-001,-2.685767266067733E-001,-2.557417222717550E-001,
1.888562536530301E+010,-2.735687590788107E-001,-2.518222367481415E-001,-2.735687590788107E-001,-2.518222367481415E-001,
1.928092818379779E+010,-2.788622828788354E-001,-2.474395962779313E-001,-2.788622828788354E-001,-2.474395962779313E-001,
1.968450524872536E+010,-2.837767588351841E-001,-2.440871904754967E-001,-2.837767588351841E-001,-2.440871904754967E-001,
2.009652975175254E+010,-2.858166667525496E-001,-2.426017316470883E-001,-2.858166667525496E-001,-2.426017316470883E-001,
2.051717850969239E+010,-2.879890897042371E-001,-2.372917827750473E-001,-2.879890897042371E-001,-2.372917827750473E-001,
2.094663204038366E+010,-2.925877865905864E-001,-2.339260113794435E-001,-2.925877865905864E-001,-2.339260113794435E-001,
2.138507464015848E+010,-2.927267599929829E-001,-2.299374247707800E-001,-2.927267599929829E-001,-2.299374247707800E-001,
2.183269446293157E+010,-2.978097729071978E-001,-2.258615901474943E-001,-2.978097729071978E-001,-2.258615901474943E-001,
2.228968360094489E+010,-2.997950583482399E-001,-2.236756650855631E-001,-2.997950583482399E-001,-2.236756650855631E-001,
2.275623816720238E+010,-3.035658041428492E-001,-2.186978316014515E-001,-3.035658041428492E-001,-2.186978316014515E-001,
2.323255837963022E+010,-3.051892184911311E-001,-2.157043043785444E-001,-3.051892184911311E-001,-2.157043043785444E-001,
2.371884864699861E+010,-3.106935101051028E-001,-2.135852122208322E-001,-3.106935101051028E-001,-2.135852122208322E-001,
2.421531765664209E+010,-3.156470640046665E-001,-2.136508949520303E-001,-3.156470640046665E-001,-2.136508949520303E-001,
2.472217846401591E+010,-3.199156200301234E-001,-2.113208441709991E-001,-3.199156200301234E-001,-2.113208441709991E-001,
2.523964858412701E+010,-3.271469847793408E-001,-2.115261319616212E-001,-3.271469847793408E-001,-2.115261319616212E-001,
2.576795008487867E+010,-3.335983813783601E-001,-2.117073859989600E-001,-3.335983813783601E-001,-2.117073859989600E-001,
2.630730968236913E+010,-3.390373450775959E-001,-2.119125956111290E-001,-3.390373450775959E-001,-2.119125956111290E-001,
2.685795883818483E+010,-3.438124476840030E-001,-2.181360916322731E-001,-3.438124476840030E-001,-2.181360916322731E-001,
2.742013385873019E+010,-3.471289216906484E-001,-2.254838379626709E-001,-3.471289216906484E-001,-2.254838379626709E-001,
2.799407599663654E+010,-3.486053434083575E-001,-2.304621514098033E-001,-3.486053434083575E-001,-2.304621514098033E-001,
2.858003155429355E+010,-3.521003005040333E-001,-2.335997785348644E-001,-3.521003005040333E-001,-2.335997785348644E-001,
2.917825198954789E+010,-3.536547193610082E-001,-2.451535379475294E-001,-3.536547193610082E-001,-2.451535379475294E-001,
2.978899402361419E+010,-3.470236899744688E-001,-2.546676676063692E-001,-3.470236899744688E-001,-2.546676676063692E-001,
3.041251975124476E+010,-3.453400603004225E-001,-2.543993870771351E-001,-3.453400603004225E-001,-2.543993870771351E-001,
3.104909675320535E+010,-3.375140278866688E-001,-2.591824950406874E-001,-3.375140278866688E-001,-2.591824950406874E-001,
3.169899821110511E+010,-3.321773800533132E-001,-2.626303130141498E-001,-3.321773800533132E-001,-2.626303130141498E-001,
3.236250302463025E+010,-3.178118821723914E-001,-2.635508138953220E-001,-3.178118821723914E-001,-2.635508138953220E-001,
3.303989593123136E+010,-3.076622303926477E-001,-2.626070164868408E-001,-3.076622303926477E-001,-2.626070164868408E-001,
3.373146762831615E+010,-2.948287607067229E-001,-2.607140459773562E-001,-2.948287607067229E-001,-2.607140459773562E-001,
3.443751489799971E+010,-2.868699238821273E-001,-2.516069167857696E-001,-2.868699238821273E-001,-2.516069167857696E-001,
3.515834073446610E+010,-2.776799182084786E-001,-2.467954767224598E-001,-2.776799182084786E-001,-2.467954767224598E-001,
3.589425447399565E+010,-2.742707766675924E-001,-2.381556282650024E-001,-2.742707766675924E-001,-2.381556282650024E-001,
3.664557192771407E+010,-2.617163483289757E-001,-2.314210629829225E-001,-2.617163483289757E-001,-2.314210629829225E-001,
3.741261551712006E+010,-2.662373562020021E-001,-2.208954001260846E-001,-2.662373562020021E-001,-2.208954001260846E-001,
3.819571441244975E+010,-2.634119183986546E-001,-2.234064519810030E-001,-2.634119183986546E-001,-2.234064519810030E-001,
3.899520467393736E+010,-2.643050924676172E-001,-2.166732679571572E-001,-2.643050924676172E-001,-2.166732679571572E-001,
3.981142939603255E+010,-2.662581286857554E-001,-2.183959360855647E-001,-2.662581286857554E-001,-2.183959360855647E-001,
4.064473885463650E+010,-2.642315457783305E-001,-2.158772663108307E-001,-2.642315457783305E-001,-2.158772663108307E-001,
4.149549065741983E+010,-2.580176756807174E-001,-2.175782987165519E-001,-2.580176756807174E-001,-2.175782987165519E-001,
4.236404989728691E+010,-2.484141571014616E-001,-2.203143119283330E-001,-2.484141571014616E-001,-2.203143119283330E-001,
4.325078930905235E+010,-2.381760399132493E-001,-2.178027461702939E-001,-2.381760399132493E-001,-2.178027461702939E-001,
4.415608942939697E+010,-2.247795353465339E-001,-2.133856585951346E-001,-2.247795353465339E-001,-2.133856585951346E-001,
4.508033876017195E+010,-2.102813447153244E-001,-1.963947727620310E-001,-2.102813447153244E-001,-1.963947727620310E-001,
4.602393393512102E+010,-2.005278684911819E-001,-1.704254818652004E-001,-2.005278684911819E-001,-1.704254818652004E-001,
4.698727989009248E+010,-1.966466122607149E-001,-1.528032605100427E-001,-1.966466122607149E-001,-1.528032605100427E-001,
4.797079003681400E+010,-1.933910771133972E-001,-1.204227893576283E-001,-1.933910771133972E-001,-1.204227893576283E-001,
4.897488644030473E+010,-1.997300246111927E-001,-9.425898537090585E-002,-1.997300246111927E-001,-9.425898537090585E-002,
5.000000000000000E+010,-2.162168369329071E-001,-6.314583668894788E-002,-2.162168369329071E-001,-6.314583668894788E-002,
