% Version 1.00
%
%freq[Hz],re:Trc1_S11,im:Trc1_S11,re:Trc2_S11,im:Trc2_S11,
1.000000000000000E+008,9.992672634935598E-001,-2.236063741221464E-002,9.992672634935598E-001,-2.236063741221464E-002,
1.020931412693436E+008,9.992022511549713E-001,-2.275904242256375E-002,9.992022511549713E-001,-2.275904242256375E-002,
1.042300949424215E+008,9.991035271857883E-001,-2.320145578661541E-002,9.991035271857883E-001,-2.320145578661541E-002,
1.064117780747374E+008,9.992581621287224E-001,-2.379908685724697E-002,9.992581621287224E-001,-2.379908685724697E-002,
1.086391269170620E+008,9.992196389070822E-001,-2.404397944026512E-002,9.992196389070822E-001,-2.404397944026512E-002,
1.109130973172177E+008,9.991707705092112E-001,-2.478849221782103E-002,9.991707705092112E-001,-2.478849221782103E-002,
1.132346651302716E+008,9.993157804996349E-001,-2.527928919602365E-002,9.993157804996349E-001,-2.527928919602365E-002,
1.156048266373163E+008,9.990883970692464E-001,-2.589880820238504E-002,9.990883970692464E-001,-2.589880820238504E-002,
1.180245989730151E+008,9.992126389535752E-001,-2.642569030397439E-002,9.992126389535752E-001,-2.642569030397439E-002,
1.204950205620966E+008,9.989726294328382E-001,-2.681926932497849E-002,9.989726294328382E-001,-2.681926932497849E-002,
1.230171515649859E+008,9.991095521793519E-001,-2.735112227640116E-002,9.991095521793519E-001,-2.735112227640116E-002,
1.255920743327636E+008,9.990732528018306E-001,-2.817023147043435E-002,9.990732528018306E-001,-2.817023147043435E-002,
1.282208938716474E+008,9.990982397719128E-001,-2.855453020109248E-002,9.990982397719128E-001,-2.855453020109248E-002,
1.309047383171961E+008,9.991108503074418E-001,-2.911172132984315E-002,9.991108503074418E-001,-2.911172132984315E-002,
1.336447594184396E+008,9.990330259673901E-001,-2.967425128375520E-002,9.990330259673901E-001,-2.967425128375520E-002,
1.364421330321420E+008,9.991810557362539E-001,-3.047541349186790E-002,9.991810557362539E-001,-3.047541349186790E-002,
1.392980596274105E+008,9.989929538104616E-001,-3.106712757529396E-002,9.989929538104616E-001,-3.106712757529396E-002,
1.422137648008667E+008,9.990026001820299E-001,-3.177013757744961E-002,9.990026001820299E-001,-3.177013757744961E-002,
1.451904998026009E+008,9.988700023994748E-001,-3.236448991360078E-002,9.988700023994748E-001,-3.236448991360078E-002,
1.482295420731354E+008,9.989978988211035E-001,-3.293453519942956E-002,9.989978988211035E-001,-3.293453519942956E-002,
1.513321957916272E+008,9.989821572490695E-001,-3.355717053007314E-002,9.989821572490695E-001,-3.355717053007314E-002,
1.544997924355456E+008,9.989190908123191E-001,-3.445310047454096E-002,9.989190908123191E-001,-3.445310047454096E-002,
1.577336913520643E+008,9.988166080353010E-001,-3.517940554422562E-002,9.988166080353010E-001,-3.517940554422562E-002,
1.610352803414134E+008,9.988614592443729E-001,-3.581418406430827E-002,9.988614592443729E-001,-3.581418406430827E-002,
1.644059762524427E+008,9.986017324981096E-001,-3.640152067240420E-002,9.986017324981096E-001,-3.640152067240420E-002,
1.678472255906498E+008,9.987522804797014E-001,-3.731495461011906E-002,9.987522804797014E-001,-3.731495461011906E-002,
1.713605051389360E+008,9.985775604694629E-001,-3.805478671529473E-002,9.985775604694629E-001,-3.805478671529473E-002,
1.749473225913547E+008,9.985297399940568E-001,-3.889996147440783E-002,9.985297399940568E-001,-3.889996147440783E-002,
1.786092172001261E+008,9.984880644361990E-001,-3.961827160693241E-002,9.984880644361990E-001,-3.961827160693241E-002,
1.823477604361935E+008,9.985524109006745E-001,-4.050867917809868E-002,9.985524109006745E-001,-4.050867917809868E-002,
1.861645566636073E+008,9.984289277627416E-001,-4.118769502304905E-002,9.984289277627416E-001,-4.118769502304905E-002,
1.900612438280239E+008,9.983887732800000E-001,-4.215028709439562E-002,9.983887732800000E-001,-4.215028709439562E-002,
1.940394941596160E+008,9.982892824896249E-001,-4.293553306697033E-002,9.982892824896249E-001,-4.293553306697033E-002,
1.981010148906965E+008,9.982360877120456E-001,-4.374226321118797E-002,9.982360877120456E-001,-4.374226321118797E-002,
2.022475489883622E+008,9.981049594597806E-001,-4.472003683477563E-002,9.981049594597806E-001,-4.472003683477563E-002,
2.064808759024735E+008,9.981377467872327E-001,-4.558811086595491E-002,9.981377467872327E-001,-4.558811086595491E-002,
2.108028123292904E+008,9.981265162378281E-001,-4.677671746301150E-002,9.981265162378281E-001,-4.677671746301150E-002,
2.152152129910917E+008,9.979379587126235E-001,-4.756611761495871E-002,9.979379587126235E-001,-4.756611761495871E-002,
2.197199714321140E+008,9.978193439119643E-001,-4.858066288983765E-002,9.978193439119643E-001,-4.858066288983765E-002,
2.243190208311496E+008,9.978180485780483E-001,-4.957696996689097E-002,9.978180485780483E-001,-4.957696996689097E-002,
2.290143348311539E+008,9.976913840046808E-001,-5.059552808338236E-002,9.976913840046808E-001,-5.059552808338236E-002,
2.338079283862175E+008,9.976618176745133E-001,-5.158863947045615E-002,9.976618176745133E-001,-5.158863947045615E-002,
2.387018586262668E+008,9.975932781588883E-001,-5.285132548624569E-002,9.975932781588883E-001,-5.285132548624569E-002,
2.436982257398635E+008,9.974670485569654E-001,-5.388701766390578E-002,9.974670485569654E-001,-5.388701766390578E-002,
2.487991738754827E+008,9.973405831163810E-001,-5.507698594022904E-002,9.973405831163810E-001,-5.507698594022904E-002,
2.540068920616564E+008,9.972111681746017E-001,-5.621102163794246E-002,9.972111681746017E-001,-5.621102163794246E-002,
2.593236151463760E+008,9.971246440880357E-001,-5.770689651955754E-002,9.971246440880357E-001,-5.770689651955754E-002,
2.647516247561587E+008,9.969497990059214E-001,-5.867832305078144E-002,9.969497990059214E-001,-5.867832305078144E-002,
2.702932502751876E+008,9.969170326775718E-001,-6.018198300248433E-002,9.969170326775718E-001,-6.018198300248433E-002,
2.759508698449477E+008,9.967280818792748E-001,-6.131258369826453E-002,9.967280818792748E-001,-6.131258369826453E-002,
2.817269113847850E+008,9.967185770519684E-001,-6.271837208418690E-002,9.967185770519684E-001,-6.271837208418690E-002,
2.876238536338270E+008,9.965655151858514E-001,-6.406600347980775E-002,9.965655151858514E-001,-6.406600347980775E-002,
2.936442272147132E+008,9.964879150439369E-001,-6.519568128499376E-002,9.964879150439369E-001,-6.519568128499376E-002,
2.997906157195895E+008,9.963147169326425E-001,-6.671873781363177E-002,9.963147169326425E-001,-6.671873781363177E-002,
3.060656568188355E+008,9.961854512750650E-001,-6.799703186226493E-002,9.961854512750650E-001,-6.799703186226493E-002,
3.124720433929982E+008,9.961022417112981E-001,-6.946550666593267E-002,9.961022417112981E-001,-6.946550666593267E-002,
3.190125246884183E+008,9.959361664559679E-001,-7.090068264014054E-002,9.959361664559679E-001,-7.090068264014054E-002,
3.256899074970465E+008,9.957842002252606E-001,-7.248696647291934E-002,9.957842002252606E-001,-7.248696647291934E-002,
3.325070573609542E+008,9.955672198705534E-001,-7.379639678586436E-002,9.955672198705534E-001,-7.379639678586436E-002,
3.394668998020564E+008,9.953612800908649E-001,-7.535895166860931E-002,9.953612800908649E-001,-7.535895166860931E-002,
3.465724215775746E+008,9.951141452654551E-001,-7.684957372630620E-002,9.951141452654551E-001,-7.684957372630620E-002,
3.538266719617783E+008,9.948800172095238E-001,-7.848982914179284E-002,9.948800172095238E-001,-7.848982914179284E-002,
3.612327640545553E+008,9.947673230091465E-001,-8.001571644706819E-002,9.947673230091465E-001,-8.001571644706819E-002,
3.687938761173719E+008,9.945174808031103E-001,-8.164609698237128E-002,9.945174808031103E-001,-8.164609698237128E-002,
3.765132529371966E+008,9.942586086091410E-001,-8.327418076453179E-002,9.942586086091410E-001,-8.327418076453179E-002,
3.843942072189731E+008,9.940327234153151E-001,-8.497411782022657E-002,9.940327234153151E-001,-8.497411782022657E-002,
3.924401210072396E+008,9.937046497656589E-001,-8.684081870461349E-002,9.937046497656589E-001,-8.684081870461349E-002,
4.006544471375042E+008,9.934264221163180E-001,-8.853080151188039E-002,9.934264221163180E-001,-8.853080151188039E-002,
4.090407107179998E+008,9.931081853323857E-001,-9.040726847227722E-002,9.931081853323857E-001,-9.040726847227722E-002,
4.176025106424546E+008,9.928184910924089E-001,-9.244424544248030E-002,9.928184910924089E-001,-9.244424544248030E-002,
4.263435211345269E+008,9.925566395107699E-001,-9.443132275748671E-002,9.925566395107699E-001,-9.443132275748671E-002,
4.352674933245664E+008,9.922564527816336E-001,-9.635354580240252E-002,9.922564527816336E-001,-9.635354580240252E-002,
4.443782568593804E+008,9.918905037701313E-001,-9.839455909854276E-002,9.918905037701313E-001,-9.839455909854276E-002,
4.536797215456938E+008,9.914957568246484E-001,-1.004145304901036E-001,9.914957568246484E-001,-1.004145304901036E-001,
4.631758790280099E+008,9.911837357296373E-001,-1.024668029081051E-001,9.911837357296373E-001,-1.024668029081051E-001,
4.728708045015902E+008,9.908078750033318E-001,-1.046829892713404E-001,9.908078750033318E-001,-1.046829892713404E-001,
4.827686584612901E+008,9.903704077562594E-001,-1.068499457250097E-001,9.903704077562594E-001,-1.068499457250097E-001,
4.928736884869999E+008,9.900672150041814E-001,-1.091111751426994E-001,9.900672150041814E-001,-1.091111751426994E-001,
5.031902310664573E+008,9.898265878384311E-001,-1.113351230584299E-001,9.898265878384311E-001,-1.113351230584299E-001,
5.137227134562149E+008,9.895954223674245E-001,-1.136154300450486E-001,9.895954223674245E-001,-1.136154300450486E-001,
5.244756555815587E+008,9.891802960010041E-001,-1.159154728229433E-001,9.891802960010041E-001,-1.159154728229433E-001,
5.354536719761968E+008,9.886604577361122E-001,-1.181740982975442E-001,9.886604577361122E-001,-1.181740982975442E-001,
5.466614737625463E+008,9.881676551578593E-001,-1.205673885219318E-001,9.881676551578593E-001,-1.205673885219318E-001,
5.581038706734722E+008,9.875691380891462E-001,-1.230656629952680E-001,9.875691380891462E-001,-1.230656629952680E-001,
5.697857731163427E+008,9.869932025833342E-001,-1.255972563363970E-001,9.869932025833342E-001,-1.255972563363970E-001,
5.817121942802894E+008,9.866019000504738E-001,-1.282034292605555E-001,9.866019000504738E-001,-1.282034292605555E-001,
5.938882522875744E+008,9.860475660217962E-001,-1.309406111630860E-001,9.860475660217962E-001,-1.309406111630860E-001,
6.063191723899891E+008,9.854945853968382E-001,-1.333771282426640E-001,9.854945853968382E-001,-1.333771282426640E-001,
6.190102892112266E+008,9.847446990509527E-001,-1.359989508602884E-001,9.847446990509527E-001,-1.359989508602884E-001,
6.319670490361900E+008,9.839582811820539E-001,-1.388252202288580E-001,9.839582811820539E-001,-1.388252202288580E-001,
6.451950121482195E+008,9.831661263275465E-001,-1.419007001109249E-001,9.831661263275465E-001,-1.419007001109249E-001,
6.586998552152404E+008,9.826005857562381E-001,-1.451836327806357E-001,9.826005857562381E-001,-1.451836327806357E-001,
6.724873737258571E+008,9.821523624234283E-001,-1.480890839224641E-001,9.821523624234283E-001,-1.480890839224641E-001,
6.865634844764381E+008,9.815122311724203E-001,-1.508296123008692E-001,9.815122311724203E-001,-1.508296123008692E-001,
7.009342281102579E+008,9.807428262868557E-001,-1.537702732188627E-001,9.807428262868557E-001,-1.537702732188627E-001,
7.156057717097888E+008,9.799023063987855E-001,-1.569426464467051E-001,9.799023063987855E-001,-1.569426464467051E-001,
7.305844114432513E+008,9.789615136212140E-001,-1.602874216838262E-001,9.789615136212140E-001,-1.602874216838262E-001,
7.458765752665610E+008,9.785099001621466E-001,-1.637153435684431E-001,9.785099001621466E-001,-1.637153435684431E-001,
7.614888256818322E+008,9.775307846045525E-001,-1.668308544289117E-001,9.775307846045525E-001,-1.668308544289117E-001,
7.774278625536187E+008,9.763970060467504E-001,-1.696863627793950E-001,9.763970060467504E-001,-1.696863627793950E-001,
7.937005259841044E+008,9.751005380785995E-001,-1.732007599791882E-001,9.751005380785995E-001,-1.732007599791882E-001,
8.103137992484750E+008,9.738345551898263E-001,-1.771185301609572E-001,9.738345551898263E-001,-1.771185301609572E-001,
8.272748117917309E+008,9.730598286891210E-001,-1.809324615969391E-001,9.730598286891210E-001,-1.809324615969391E-001,
8.445908422882283E+008,9.721571458039752E-001,-1.846487579368843E-001,9.721571458039752E-001,-1.846487579368843E-001,
8.622693217652600E+008,9.710119307291650E-001,-1.880191810289172E-001,9.710119307291650E-001,-1.880191810289172E-001,
8.803178367920179E+008,9.697491371165331E-001,-1.918320874322435E-001,9.697491371165331E-001,-1.918320874322435E-001,
8.987441327353046E+008,9.690051331240620E-001,-1.956487018643058E-001,9.690051331240620E-001,-1.956487018643058E-001,
9.175561170833916E+008,9.679273238433584E-001,-1.993006773433043E-001,9.679273238433584E-001,-1.993006773433043E-001,
9.367618628394508E+008,9.661991966118525E-001,-2.027603340003767E-001,9.661991966118525E-001,-2.027603340003767E-001,
9.563696119860154E+008,9.642662016091732E-001,-2.070476738003883E-001,9.642662016091732E-001,-2.070476738003883E-001,
9.763877790219561E+008,9.628469514663125E-001,-2.116009350012219E-001,9.628469514663125E-001,-2.116009350012219E-001,
9.968249545734922E+008,9.615206449322951E-001,-2.159243304255995E-001,9.615206449322951E-001,-2.159243304255995E-001,
1.017689909080786E+009,9.596067992091696E-001,-2.198893061012940E-001,9.596067992091696E-001,-2.198893061012940E-001,
1.038991596561701E+009,9.576388435862114E-001,-2.248048405506297E-001,9.576388435862114E-001,-2.248048405506297E-001,
1.060739158454346E+009,9.571800446590997E-001,-2.295296118135809E-001,9.571800446590997E-001,-2.295296118135809E-001,
1.082941927540042E+009,9.555184130533885E-001,-2.331562250401341E-001,9.555184130533885E-001,-2.331562250401341E-001,
1.105609431948408E+009,9.532112869979039E-001,-2.370314326031715E-001,9.532112869979039E-001,-2.370314326031715E-001,
1.128751399246275E+009,9.507014048995148E-001,-2.420976362920209E-001,9.507014048995148E-001,-2.420976362920209E-001,
1.152377760612193E+009,9.489116361804617E-001,-2.470291779260806E-001,9.489116361804617E-001,-2.470291779260806E-001,
1.176498655098304E+009,9.464747112858638E-001,-2.516423913723381E-001,9.464747112858638E-001,-2.516423913723381E-001,
1.201124433981439E+009,9.438940965575735E-001,-2.572501112904152E-001,9.438940965575735E-001,-2.572501112904152E-001,
1.226265665205275E+009,9.430858722999218E-001,-2.624420631122621E-001,9.430858722999218E-001,-2.624420631122621E-001,
1.251933137915478E+009,9.406277565525919E-001,-2.662607546591996E-001,9.406277565525919E-001,-2.662607546591996E-001,
1.278137867089775E+009,9.377173511672898E-001,-2.710725645375918E-001,9.377173511672898E-001,-2.710725645375918E-001,
1.304891098264939E+009,9.352332780248069E-001,-2.761730491798882E-001,9.352332780248069E-001,-2.761730491798882E-001,
1.332204312362714E+009,9.319554571136044E-001,-2.809512301829872E-001,9.319554571136044E-001,-2.809512301829872E-001,
1.360089230616753E+009,9.283361539864904E-001,-2.875253272748849E-001,9.283361539864904E-001,-2.875253272748849E-001,
1.388557819602690E+009,9.273386874591815E-001,-2.935553556414413E-001,9.273386874591815E-001,-2.935553556414413E-001,
1.417622296373492E+009,9.242268372671595E-001,-2.980465848924562E-001,9.242268372671595E-001,-2.980465848924562E-001,
1.447295133702302E+009,9.211016823279958E-001,-3.037828141708447E-001,9.211016823279958E-001,-3.037828141708447E-001,
1.477589065435027E+009,9.183559906647882E-001,-3.084278978292423E-001,9.183559906647882E-001,-3.084278978292423E-001,
1.508517091954956E+009,9.135517476106069E-001,-3.140021667599270E-001,9.135517476106069E-001,-3.140021667599270E-001,
1.540092485761767E+009,9.104908482778992E-001,-3.215800168295647E-001,9.104908482778992E-001,-3.215800168295647E-001,
1.572328797167307E+009,9.073962112423902E-001,-3.269973288276202E-001,9.073962112423902E-001,-3.269973288276202E-001,
1.605239860110590E+009,9.041874424738802E-001,-3.334895388095394E-001,9.041874424738802E-001,-3.334895388095394E-001,
1.638839798094518E+009,9.008717075608689E-001,-3.381158608636513E-001,9.008717075608689E-001,-3.381158608636513E-001,
1.673143030246862E+009,8.955144488131873E-001,-3.439785865802015E-001,8.955144488131873E-001,-3.439785865802015E-001,
1.708164277508106E+009,8.919864737777424E-001,-3.508904790524715E-001,8.919864737777424E-001,-3.508904790524715E-001,
1.743918568948813E+009,8.871336830950567E-001,-3.571225776305200E-001,8.871336830950567E-001,-3.571225776305200E-001,
1.780421248219227E+009,8.844253721883335E-001,-3.640783131900869E-001,8.844253721883335E-001,-3.640783131900869E-001,
1.817687980133866E+009,8.793490716508340E-001,-3.687710828953149E-001,8.793490716508340E-001,-3.687710828953149E-001,
1.855734757393946E+009,8.743799076288162E-001,-3.755142803591023E-001,8.743799076288162E-001,-3.755142803591023E-001,
1.894577907450513E+009,8.686090503055947E-001,-3.814062027807248E-001,8.686090503055947E-001,-3.814062027807248E-001,
1.934234099511226E+009,8.644174378978331E-001,-3.901585271482345E-001,8.644174378978331E-001,-3.901585271482345E-001,
1.974720351693812E+009,8.598553795267218E-001,-3.951201333914919E-001,8.598553795267218E-001,-3.951201333914919E-001,
2.016054038329243E+009,8.549559333967687E-001,-4.023793672300916E-001,8.549559333967687E-001,-4.023793672300916E-001,
2.058252897417781E+009,8.482898663434069E-001,-4.079238487631265E-001,8.482898663434069E-001,-4.079238487631265E-001,
2.101335038241093E+009,8.426062002241987E-001,-4.160094012899869E-001,8.426062002241987E-001,-4.160094012899869E-001,
2.145318949133695E+009,8.362575794475672E-001,-4.222059060586478E-001,8.362575794475672E-001,-4.222059060586478E-001,
2.190223505417061E+009,8.312762465657516E-001,-4.286958769496141E-001,8.312762465657516E-001,-4.286958769496141E-001,
2.236067977499810E+009,8.236569597382442E-001,-4.350139018462782E-001,8.236569597382442E-001,-4.350139018462782E-001,
2.282872039147435E+009,8.174698343627721E-001,-4.421441467789176E-001,8.174698343627721E-001,-4.421441467789176E-001,
2.330655775925136E+009,8.111348066028499E-001,-4.497385707008138E-001,8.111348066028499E-001,-4.497385707008138E-001,
2.379439693817366E+009,8.041305949184855E-001,-4.555809525738656E-001,8.041305949184855E-001,-4.555809525738656E-001,
2.429244728027800E+009,7.970595980564719E-001,-4.623796390809495E-001,7.970595980564719E-001,-4.623796390809495E-001,
2.480092251963504E+009,7.889536266689717E-001,-4.701999925871766E-001,7.889536266689717E-001,-4.701999925871766E-001,
2.532004086407146E+009,7.822556652429823E-001,-4.767134268542893E-001,7.822556652429823E-001,-4.767134268542893E-001,
2.585002508881200E+009,7.748688236216255E-001,-4.831687363742300E-001,7.748688236216255E-001,-4.831687363742300E-001,
2.639110263208160E+009,7.656669124958615E-001,-4.908636575900550E-001,7.656669124958615E-001,-4.908636575900550E-001,
2.694350569270853E+009,7.580275729124564E-001,-4.976241054588725E-001,7.580275729124564E-001,-4.976241054588725E-001,
2.750747132977056E+009,7.501673988951148E-001,-5.035407970144539E-001,7.501673988951148E-001,-5.035407970144539E-001,
2.808324156432685E+009,7.408426280637231E-001,-5.113073508476846E-001,7.408426280637231E-001,-5.113073508476846E-001,
2.867106348327923E+009,7.318412536055212E-001,-5.182932388431134E-001,7.318412536055212E-001,-5.182932388431134E-001,
2.927118934540746E+009,7.232617407848871E-001,-5.240129969253168E-001,7.232617407848871E-001,-5.240129969253168E-001,
2.988387668962389E+009,7.134927260022455E-001,-5.315271536090741E-001,7.134927260022455E-001,-5.315271536090741E-001,
3.050938844549417E+009,7.041574632922358E-001,-5.382865976585110E-001,7.041574632922358E-001,-5.382865976585110E-001,
3.114799304607116E+009,6.941364341887821E-001,-5.441333763797098E-001,6.941364341887821E-001,-5.441333763797098E-001,
3.179996454309075E+009,6.834845318406921E-001,-5.514157976205801E-001,6.834845318406921E-001,-5.514157976205801E-001,
3.246558272457882E+009,6.741536463008575E-001,-5.572527731331241E-001,6.741536463008575E-001,-5.572527731331241E-001,
3.314513323491987E+009,6.632128425523334E-001,-5.629101333029531E-001,6.632128425523334E-001,-5.629101333029531E-001,
3.383890769743891E+009,6.527882542825404E-001,-5.702656327017656E-001,6.527882542825404E-001,-5.702656327017656E-001,
3.454720383954909E+009,6.422263691086609E-001,-5.752445739397180E-001,6.422263691086609E-001,-5.752445739397180E-001,
3.527032562051896E+009,6.294403743594147E-001,-5.819367389574529E-001,6.294403743594147E-001,-5.819367389574529E-001,
3.600858336191391E+009,6.187167222797756E-001,-5.883676433534550E-001,6.187167222797756E-001,-5.883676433534550E-001,
3.676229388076813E+009,6.065221507302581E-001,-5.928278126045272E-001,6.065221507302581E-001,-5.928278126045272E-001,
3.753178062554387E+009,5.941040022682901E-001,-6.002262242641889E-001,5.941040022682901E-001,-6.002262242641889E-001,
3.831737381493663E+009,5.828032880679879E-001,-6.041864161563425E-001,5.828032880679879E-001,-6.041864161563425E-001,
3.911941057958573E+009,5.691794831457187E-001,-6.103766026454075E-001,5.691794831457187E-001,-6.103766026454075E-001,
3.993823510675101E+009,5.582280619765212E-001,-6.149658365751888E-001,5.582280619765212E-001,-6.149658365751888E-001,
4.077419878801790E+009,5.435042813078543E-001,-6.198033608992029E-001,5.435042813078543E-001,-6.198033608992029E-001,
4.162766037009410E+009,5.317130400771826E-001,-6.246731087647097E-001,5.317130400771826E-001,-6.246731087647097E-001,
4.249898610876274E+009,5.171513581267715E-001,-6.281982337288065E-001,5.171513581267715E-001,-6.281982337288065E-001,
4.338854992605786E+009,5.049856332174200E-001,-6.330212075409283E-001,5.049856332174200E-001,-6.330212075409283E-001,
4.429673357072994E+009,4.895428044871619E-001,-6.361419140199016E-001,4.895428044871619E-001,-6.361419140199016E-001,
4.522392678207007E+009,4.774184075771170E-001,-6.406682089769347E-001,4.774184075771170E-001,-6.406682089769347E-001,
4.617052745716332E+009,4.624605879220484E-001,-6.437274138402861E-001,4.624605879220484E-001,-6.437274138402861E-001,
4.713694182164284E+009,4.494276634202831E-001,-6.469900972746540E-001,4.494276634202831E-001,-6.469900972746540E-001,
4.812358460401814E+009,4.342343668086015E-001,-6.499029184814746E-001,4.342343668086015E-001,-6.499029184814746E-001,
4.913087921365233E+009,4.204597144066167E-001,-6.521914827794093E-001,4.204597144066167E-001,-6.521914827794093E-001,
5.015925792246465E+009,4.057608853858689E-001,-6.551040963915197E-001,4.057608853858689E-001,-6.551040963915197E-001,
5.120916205043626E+009,3.916833582806423E-001,-6.564363947578118E-001,3.916833582806423E-001,-6.564363947578118E-001,
5.228104215499899E+009,3.772352907522830E-001,-6.585974976220286E-001,3.772352907522830E-001,-6.585974976220286E-001,
5.337535822438821E+009,3.624527597339273E-001,-6.600360474516073E-001,3.624527597339273E-001,-6.600360474516073E-001,
5.449257987504287E+009,3.485677936342811E-001,-6.609771048709112E-001,3.485677936342811E-001,-6.609771048709112E-001,
5.563318655313743E+009,3.341922782077352E-001,-6.625630048711537E-001,3.341922782077352E-001,-6.625630048711537E-001,
5.679766774033207E+009,3.200676875729746E-001,-6.624430192836806E-001,3.200676875729746E-001,-6.624430192836806E-001,
5.798652316382962E+009,3.061161187319517E-001,-6.632446356591976E-001,3.061161187319517E-001,-6.632446356591976E-001,
5.920026301082923E+009,2.913539691466242E-001,-6.638490767460207E-001,2.913539691466242E-001,-6.638490767460207E-001,
6.043940814746885E+009,2.771897874642220E-001,-6.630845525177833E-001,2.771897874642220E-001,-6.630845525177833E-001,
6.170449034235055E+009,2.633883199580703E-001,-6.625893752199130E-001,2.633883199580703E-001,-6.625893752199130E-001,
6.299605249474443E+009,2.491350114674464E-001,-6.628218303126457E-001,2.491350114674464E-001,-6.628218303126457E-001,
6.431464886756929E+009,2.341513830728593E-001,-6.617501817467334E-001,2.341513830728593E-001,-6.617501817467334E-001,
6.566084532524983E+009,2.198590038020788E-001,-6.606806489952745E-001,2.198590038020788E-001,-6.606806489952745E-001,
6.703521957655251E+009,2.057622845461852E-001,-6.591374465612998E-001,2.057622845461852E-001,-6.591374465612998E-001,
6.843836142250444E+009,1.914005660474313E-001,-6.576690853046180E-001,1.914005660474313E-001,-6.576690853046180E-001,
6.987087300950141E+009,1.767089748733823E-001,-6.556940161144418E-001,1.767089748733823E-001,-6.556940161144418E-001,
7.133336908771395E+009,1.625906798332335E-001,-6.529067346554476E-001,1.625906798332335E-001,-6.529067346554476E-001,
7.282647727490209E+009,1.488765200295184E-001,-6.498389459677173E-001,1.488765200295184E-001,-6.498389459677173E-001,
7.435083832575221E+009,1.353418707798427E-001,-6.462178573913386E-001,1.353418707798427E-001,-6.462178573913386E-001,
7.590710640685147E+009,1.222894008390790E-001,-6.428421847217808E-001,1.222894008390790E-001,-6.428421847217808E-001,
7.749594937741785E+009,1.088543303568978E-001,-6.385373293242045E-001,1.088543303568978E-001,-6.385373293242045E-001,
7.911804907590622E+009,9.616731259218792E-002,-6.342228839665874E-001,9.616731259218792E-002,-6.342228839665874E-001,
8.077410161261354E+009,8.309789146158644E-002,-6.294691671391705E-001,8.309789146158644E-002,-6.294691671391705E-001,
8.246481766840870E+009,7.103776604896191E-002,-6.243837024067185E-001,7.103776604896191E-002,-6.243837024067185E-001,
8.419092279971513E+009,5.890255239122641E-002,-6.191719112530586E-001,5.890255239122641E-002,-6.191719112530586E-001,
8.595315774987719E+009,4.730088810580951E-002,-6.134400348652693E-001,4.730088810580951E-002,-6.134400348652693E-001,
8.775227876704388E+009,3.589181971408449E-002,-6.074460927149206E-001,3.589181971408449E-002,-6.074460927149206E-001,
8.958905792870632E+009,2.512725246542021E-002,-6.010334830976986E-001,2.512725246542021E-002,-6.010334830976986E-001,
9.146428347302822E+009,1.470788916078089E-002,-5.940357064910407E-001,1.470788916078089E-002,-5.940357064910407E-001,
9.337876013711161E+009,4.102798843095770E-003,-5.881723831852965E-001,4.102798843095770E-003,-5.881723831852965E-001,
9.533330950234287E+009,-5.868695024513938E-003,-5.804087587115105E-001,-5.868695024513938E-003,-5.804087587115105E-001,
9.732877034696749E+009,-1.557728072706115E-002,-5.732147870396620E-001,-1.557728072706115E-002,-5.732147870396620E-001,
9.936599900604454E+009,-2.566016171959393E-002,-5.658397180989875E-001,-2.566016171959393E-002,-5.658397180989875E-001,
1.014458697389356E+010,-3.521707880453984E-002,-5.585242092226805E-001,-3.521707880453984E-002,-5.585242092226805E-001,
1.035692751044859E+010,-4.491395144940778E-002,-5.514724933333972E-001,-4.491395144940778E-002,-5.514724933333972E-001,
1.057371263440579E+010,-5.290954483640728E-002,-5.442069574944316E-001,-5.290954483640728E-002,-5.442069574944316E-001,
1.079503537725833E+010,-6.157614659354718E-002,-5.363209162654781E-001,-6.157614659354718E-002,-5.363209162654781E-001,
1.102099071777997E+010,-6.918633076637529E-002,-5.278762172056816E-001,-6.918633076637529E-002,-5.278762172056816E-001,
1.125167562278435E+010,-7.785156077668659E-002,-5.196920056647596E-001,-7.785156077668659E-002,-5.196920056647596E-001,
1.148718908873753E+010,-8.662419335875848E-002,-5.121038746342932E-001,-8.662419335875848E-002,-5.121038746342932E-001,
1.172763218424143E+010,-9.421334043804669E-002,-5.028531470262037E-001,-9.421334043804669E-002,-5.028531470262037E-001,
1.197310809340661E+010,-1.035513600481342E-001,-4.955181492428151E-001,-1.035513600481342E-001,-4.955181492428151E-001,
1.222372216013282E+010,-1.098700877646369E-001,-4.872024005848200E-001,-1.098700877646369E-001,-4.872024005848200E-001,
1.247958193331646E+010,-1.188094378587152E-001,-4.782489108006607E-001,-1.188094378587152E-001,-4.782489108006607E-001,
1.274079721300426E+010,-1.263945139119908E-001,-4.720575699700744E-001,-1.263945139119908E-001,-4.720575699700744E-001,
1.300748009751303E+010,-1.342430219896864E-001,-4.631429182333536E-001,-1.342430219896864E-001,-4.631429182333536E-001,
1.327974503153573E+010,-1.423891132027920E-001,-4.561328297581009E-001,-1.423891132027920E-001,-4.561328297581009E-001,
1.355770885525442E+010,-1.500530334601491E-001,-4.480646377919869E-001,-1.500530334601491E-001,-4.480646377919869E-001,
1.384149085448120E+010,-1.571866379508994E-001,-4.412864454600862E-001,-1.571866379508994E-001,-4.412864454600862E-001,
1.413121281184877E+010,-1.657305855645416E-001,-4.344731996630500E-001,-1.657305855645416E-001,-4.344731996630500E-001,
1.442699905907235E+010,-1.735207283502008E-001,-4.270196030362508E-001,-1.735207283502008E-001,-4.270196030362508E-001,
1.472897653030561E+010,-1.807937322208046E-001,-4.206318512847790E-001,-1.807937322208046E-001,-4.206318512847790E-001,
1.503727481661337E+010,-1.888869196353977E-001,-4.145208290092527E-001,-1.888869196353977E-001,-4.145208290092527E-001,
1.535202622158452E+010,-1.972638634019207E-001,-4.070274284276643E-001,-1.972638634019207E-001,-4.070274284276643E-001,
1.567336581810895E+010,-2.047992807584183E-001,-4.006745814862569E-001,-2.047992807584183E-001,-4.006745814862569E-001,
1.600143150634299E+010,-2.122037476301263E-001,-3.952275574970549E-001,-2.122037476301263E-001,-3.952275574970549E-001,
1.633636407288800E+010,-2.200696543175109E-001,-3.893051024099468E-001,-2.200696543175109E-001,-3.893051024099468E-001,
1.667830725120785E+010,-2.280612195926715E-001,-3.840687986771044E-001,-2.280612195926715E-001,-3.840687986771044E-001,
1.702740778331081E+010,-2.355779931140058E-001,-3.788529430077280E-001,-2.355779931140058E-001,-3.788529430077280E-001,
1.738381548272271E+010,-2.420016949177760E-001,-3.724595568071301E-001,-2.420016949177760E-001,-3.724595568071301E-001,
1.774768329877812E+010,-2.489667368038961E-001,-3.664369816680614E-001,-2.489667368038961E-001,-3.664369816680614E-001,
1.811916738225725E+010,-2.551508575470851E-001,-3.601837106532232E-001,-2.551508575470851E-001,-3.601837106532232E-001,
1.849842715239673E+010,-2.599200518139848E-001,-3.546416173862425E-001,-2.599200518139848E-001,-3.546416173862425E-001,
1.888562536530301E+010,-2.653335218644043E-001,-3.477731903520612E-001,-2.653335218644043E-001,-3.477731903520612E-001,
1.928092818379779E+010,-2.709173604476941E-001,-3.404809883676812E-001,-2.709173604476941E-001,-3.404809883676812E-001,
1.968450524872536E+010,-2.759560420312668E-001,-3.341274904513841E-001,-2.759560420312668E-001,-3.341274904513841E-001,
2.009652975175254E+010,-2.780303411469027E-001,-3.294093532883305E-001,-2.780303411469027E-001,-3.294093532883305E-001,
2.051717850969239E+010,-2.803894076535390E-001,-3.214380660208851E-001,-2.803894076535390E-001,-3.214380660208851E-001,
2.094663204038366E+010,-2.847308243293033E-001,-3.151769226468572E-001,-2.847308243293033E-001,-3.151769226468572E-001,
2.138507464015848E+010,-2.849087414561941E-001,-3.084003670403025E-001,-2.849087414561941E-001,-3.084003670403025E-001,
2.183269446293157E+010,-2.895124528138356E-001,-3.016946487802320E-001,-2.895124528138356E-001,-3.016946487802320E-001,
2.228968360094489E+010,-2.911934285206882E-001,-2.967198215056828E-001,-2.911934285206882E-001,-2.967198215056828E-001,
2.275623816720238E+010,-2.945636478494455E-001,-2.896009391917713E-001,-2.945636478494455E-001,-2.896009391917713E-001,
2.323255837963022E+010,-2.956205911684630E-001,-2.842311978014352E-001,-2.956205911684630E-001,-2.842311978014352E-001,
2.371884864699861E+010,-3.004648723261567E-001,-2.802386560473091E-001,-3.004648723261567E-001,-2.802386560473091E-001,
2.421531765664209E+010,-3.048318231259597E-001,-2.780148977319389E-001,-3.048318231259597E-001,-2.780148977319389E-001,
2.472217846401591E+010,-3.083774350750992E-001,-2.740452070005300E-001,-3.083774350750992E-001,-2.740452070005300E-001,
2.523964858412701E+010,-3.150111757326343E-001,-2.726535769922944E-001,-3.150111757326343E-001,-2.726535769922944E-001,
2.576795008487867E+010,-3.205899004566100E-001,-2.712863837347924E-001,-3.205899004566100E-001,-2.712863837347924E-001,
2.630730968236913E+010,-3.253703377985494E-001,-2.700860059673255E-001,-3.253703377985494E-001,-2.700860059673255E-001,
2.685795883818483E+010,-3.294533247187975E-001,-2.747277493430817E-001,-3.294533247187975E-001,-2.747277493430817E-001,
2.742013385873019E+010,-3.323343358376001E-001,-2.807384935568286E-001,-3.323343358376001E-001,-2.807384935568286E-001,
2.799407599663654E+010,-3.335162187620630E-001,-2.844468821255534E-001,-3.335162187620630E-001,-2.844468821255534E-001,
2.858003155429355E+010,-3.368141796815999E-001,-2.865256984866814E-001,-3.368141796815999E-001,-2.865256984866814E-001,
2.917825198954789E+010,-3.376691819925635E-001,-2.967457372800168E-001,-3.376691819925635E-001,-2.967457372800168E-001,
2.978899402361419E+010,-3.310466293545037E-001,-3.046417827634596E-001,-3.310466293545037E-001,-3.046417827634596E-001,
3.041251975124476E+010,-3.295421484631324E-001,-3.035607688035878E-001,-3.295421484631324E-001,-3.035607688035878E-001,
3.104909675320535E+010,-3.214303412772379E-001,-3.070171326016665E-001,-3.214303412772379E-001,-3.070171326016665E-001,
3.169899821110511E+010,-3.157241181732932E-001,-3.091125992600191E-001,-3.157241181732932E-001,-3.091125992600191E-001,
3.236250302463025E+010,-3.016064293219778E-001,-3.087138973575556E-001,-3.016064293219778E-001,-3.087138973575556E-001,
3.303989593123136E+010,-2.910074726110773E-001,-3.059463999931129E-001,-2.910074726110773E-001,-3.059463999931129E-001,
3.373146762831615E+010,-2.779351445424223E-001,-3.027962205122832E-001,-2.779351445424223E-001,-3.027962205122832E-001,
3.443751489799971E+010,-2.697796915430158E-001,-2.918812246091935E-001,-2.697796915430158E-001,-2.918812246091935E-001,
3.515834073446610E+010,-2.600485654904857E-001,-2.857289107594427E-001,-2.600485654904857E-001,-2.857289107594427E-001,
3.589425447399565E+010,-2.562634339029109E-001,-2.756125607835013E-001,-2.562634339029109E-001,-2.756125607835013E-001,
3.664557192771407E+010,-2.438896471665253E-001,-2.672767394424359E-001,-2.438896471665253E-001,-2.672767394424359E-001,
3.741261551712006E+010,-2.479867327815669E-001,-2.558584721012744E-001,-2.479867327815669E-001,-2.558584721012744E-001,
3.819571441244975E+010,-2.444117450308005E-001,-2.567647548891038E-001,-2.444117450308005E-001,-2.567647548891038E-001,
3.899520467393736E+010,-2.454963557408507E-001,-2.489772520483269E-001,-2.454963557408507E-001,-2.489772520483269E-001,
3.981142939603255E+010,-2.468557518436844E-001,-2.493823202842278E-001,-2.468557518436844E-001,-2.493823202842278E-001,
4.064473885463650E+010,-2.451931753334673E-001,-2.461805218672841E-001,-2.451931753334673E-001,-2.461805218672841E-001,
4.149549065741983E+010,-2.385885368298639E-001,-2.473453689210840E-001,-2.385885368298639E-001,-2.473453689210840E-001,
4.236404989728691E+010,-2.291628163202322E-001,-2.488358262618642E-001,-2.291628163202322E-001,-2.488358262618642E-001,
4.325078930905235E+010,-2.185475424117198E-001,-2.454326056572097E-001,-2.185475424117198E-001,-2.454326056572097E-001,
4.415608942939697E+010,-2.054098043808419E-001,-2.405680983193155E-001,-2.054098043808419E-001,-2.405680983193155E-001,
4.508033876017195E+010,-1.913889400593823E-001,-2.231302113327600E-001,-1.913889400593823E-001,-2.231302113327600E-001,
4.602393393512102E+010,-1.816407838176497E-001,-1.968752906342629E-001,-1.816407838176497E-001,-1.968752906342629E-001,
4.698727989009248E+010,-1.779484249459271E-001,-1.784226908762840E-001,-1.779484249459271E-001,-1.784226908762840E-001,
4.797079003681400E+010,-1.750255767210772E-001,-1.453482739668305E-001,-1.750255767210772E-001,-1.453482739668305E-001,
4.897488644030473E+010,-1.809335178324435E-001,-1.194264983478105E-001,-1.809335178324435E-001,-1.194264983478105E-001,
5.000000000000000E+010,-1.976160055853607E-001,-8.826204114133139E-002,-1.976160055853607E-001,-8.826204114133139E-002,
