% Version 1.00
%
%freq[Hz],re:Trc1_S11,im:Trc1_S11,re:Trc2_S11,im:Trc2_S11,
1.000000000000000E+008,6.709802458817382E-001,-1.684784596545452E-002,6.709802458817382E-001,-1.684784596545452E-002,
1.020931412693436E+008,6.709079938772886E-001,-1.697312081384331E-002,6.709079938772886E-001,-1.697312081384331E-002,
1.042300949424215E+008,6.707857184486585E-001,-1.726102841996042E-002,6.707857184486585E-001,-1.726102841996042E-002,
1.064117780747374E+008,6.708969226507048E-001,-1.775002101219611E-002,6.708969226507048E-001,-1.775002101219611E-002,
1.086391269170620E+008,6.707046453274776E-001,-1.826102080383406E-002,6.707046453274776E-001,-1.826102080383406E-002,
1.109130973172177E+008,6.707156521524862E-001,-1.823490441906557E-002,6.707156521524862E-001,-1.823490441906557E-002,
1.132346651302716E+008,6.706041385285745E-001,-1.850248657169676E-002,6.706041385285745E-001,-1.850248657169676E-002,
1.156048266373163E+008,6.705516877220803E-001,-1.906739047705906E-002,6.705516877220803E-001,-1.906739047705906E-002,
1.180245989730151E+008,6.706225300602537E-001,-1.932511038880255E-002,6.706225300602537E-001,-1.932511038880255E-002,
1.204950205620966E+008,6.704570733627232E-001,-1.969890115022447E-002,6.704570733627232E-001,-1.969890115022447E-002,
1.230171515649859E+008,6.704769894084603E-001,-1.970307919970785E-002,6.704769894084603E-001,-1.970307919970785E-002,
1.255920743327636E+008,6.705083020334819E-001,-2.044695184714659E-002,6.705083020334819E-001,-2.044695184714659E-002,
1.282208938716474E+008,6.704360557045966E-001,-2.048211114179109E-002,6.704360557045966E-001,-2.048211114179109E-002,
1.309047383171961E+008,6.704302787102320E-001,-2.107899466915358E-002,6.704302787102320E-001,-2.107899466915358E-002,
1.336447594184396E+008,6.704910457522917E-001,-2.150754274618402E-002,6.704910457522917E-001,-2.150754274618402E-002,
1.364421330321420E+008,6.705187832866459E-001,-2.159098251898879E-002,6.705187832866459E-001,-2.159098251898879E-002,
1.392980596274105E+008,6.704635497442537E-001,-2.218009480178023E-002,6.704635497442537E-001,-2.218009480178023E-002,
1.422137648008667E+008,6.703776155523248E-001,-2.235666415383223E-002,6.703776155523248E-001,-2.235666415383223E-002,
1.451904998026009E+008,6.703259405337461E-001,-2.303055937281615E-002,6.703259405337461E-001,-2.303055937281615E-002,
1.482295420731354E+008,6.703538634429617E-001,-2.340192954598603E-002,6.703538634429617E-001,-2.340192954598603E-002,
1.513321957916272E+008,6.703165244809819E-001,-2.368952408221056E-002,6.703165244809819E-001,-2.368952408221056E-002,
1.544997924355456E+008,6.702201292760627E-001,-2.438232436214257E-002,6.702201292760627E-001,-2.438232436214257E-002,
1.577336913520643E+008,6.701624334665348E-001,-2.475973965556861E-002,6.701624334665348E-001,-2.475973965556861E-002,
1.610352803414134E+008,6.701929814048806E-001,-2.509903724098787E-002,6.701929814048806E-001,-2.509903724098787E-002,
1.644059762524427E+008,6.700704630418988E-001,-2.554324171442896E-002,6.700704630418988E-001,-2.554324171442896E-002,
1.678472255906498E+008,6.700469468983107E-001,-2.612526859743444E-002,6.700469468983107E-001,-2.612526859743444E-002,
1.713605051389360E+008,6.699580520545152E-001,-2.644245289312454E-002,6.699580520545152E-001,-2.644245289312454E-002,
1.749473225913547E+008,6.699127875168953E-001,-2.691468667016708E-002,6.699127875168953E-001,-2.691468667016708E-002,
1.786092172001261E+008,6.697264418125921E-001,-2.739950228806782E-002,6.697264418125921E-001,-2.739950228806782E-002,
1.823477604361935E+008,6.698403679396470E-001,-2.758796885101896E-002,6.698403679396470E-001,-2.758796885101896E-002,
1.861645566636073E+008,6.697336636415955E-001,-2.836844411192564E-002,6.697336636415955E-001,-2.836844411192564E-002,
1.900612438280239E+008,6.696221608635995E-001,-2.885425666046483E-002,6.696221608635995E-001,-2.885425666046483E-002,
1.940394941596160E+008,6.695323660534658E-001,-2.926406018400510E-002,6.695323660534658E-001,-2.926406018400510E-002,
1.981010148906965E+008,6.694362722003485E-001,-2.982847475015771E-002,6.694362722003485E-001,-2.982847475015771E-002,
2.022475489883622E+008,6.694091804946014E-001,-3.034018558950884E-002,6.694091804946014E-001,-3.034018558950884E-002,
2.064808759024735E+008,6.693189494181402E-001,-3.090303797467794E-002,6.693189494181402E-001,-3.090303797467794E-002,
2.108028123292904E+008,6.691929492436647E-001,-3.149375184041439E-002,6.691929492436647E-001,-3.149375184041439E-002,
2.152152129910917E+008,6.690970110385770E-001,-3.213471252393750E-002,6.690970110385770E-001,-3.213471252393750E-002,
2.197199714321140E+008,6.690277887588447E-001,-3.277430073774973E-002,6.690277887588447E-001,-3.277430073774973E-002,
2.243190208311496E+008,6.690323652300916E-001,-3.335164154142785E-002,6.690323652300916E-001,-3.335164154142785E-002,
2.290143348311539E+008,6.688897209849367E-001,-3.397913843300743E-002,6.688897209849367E-001,-3.397913843300743E-002,
2.338079283862175E+008,6.688433490436080E-001,-3.454770879156462E-002,6.688433490436080E-001,-3.454770879156462E-002,
2.387018586262668E+008,6.687036049167301E-001,-3.535533034875064E-002,6.687036049167301E-001,-3.535533034875064E-002,
2.436982257398635E+008,6.686340102931305E-001,-3.601180728323021E-002,6.686340102931305E-001,-3.601180728323021E-002,
2.487991738754827E+008,6.685355655739369E-001,-3.672701863735673E-002,6.685355655739369E-001,-3.672701863735673E-002,
2.540068920616564E+008,6.684517396527178E-001,-3.741519814726201E-002,6.684517396527178E-001,-3.741519814726201E-002,
2.593236151463760E+008,6.683646970332402E-001,-3.821250505758640E-002,6.683646970332402E-001,-3.821250505758640E-002,
2.647516247561587E+008,6.682939743183868E-001,-3.895683805629655E-002,6.682939743183868E-001,-3.895683805629655E-002,
2.702932502751876E+008,6.682056845334603E-001,-3.985548063128641E-002,6.682056845334603E-001,-3.985548063128641E-002,
2.759508698449477E+008,6.680830859614397E-001,-4.056539161412599E-002,6.680830859614397E-001,-4.056539161412599E-002,
2.817269113847850E+008,6.679943407116393E-001,-4.149084106721945E-002,6.679943407116393E-001,-4.149084106721945E-002,
2.876238536338270E+008,6.678766795546742E-001,-4.228870988983711E-002,6.678766795546742E-001,-4.228870988983711E-002,
2.936442272147132E+008,6.678088326142305E-001,-4.298585055618882E-002,6.678088326142305E-001,-4.298585055618882E-002,
2.997906157195895E+008,6.677616835789291E-001,-4.390516275540470E-002,6.677616835789291E-001,-4.390516275540470E-002,
3.060656568188355E+008,6.676979591724559E-001,-4.472651417493262E-002,6.676979591724559E-001,-4.472651417493262E-002,
3.124720433929982E+008,6.675912853099880E-001,-4.560832586560683E-002,6.675912853099880E-001,-4.560832586560683E-002,
3.190125246884183E+008,6.674740125922596E-001,-4.650632029691669E-002,6.674740125922596E-001,-4.650632029691669E-002,
3.256899074970465E+008,6.675233027550265E-001,-4.741596619938822E-002,6.675233027550265E-001,-4.741596619938822E-002,
3.325070573609542E+008,6.673378371177452E-001,-4.827279244316314E-002,6.673378371177452E-001,-4.827279244316314E-002,
3.394668998020564E+008,6.672563422738077E-001,-4.921501173564297E-002,6.672563422738077E-001,-4.921501173564297E-002,
3.465724215775746E+008,6.671360442836698E-001,-5.013651103800140E-002,6.671360442836698E-001,-5.013651103800140E-002,
3.538266719617783E+008,6.670230490543574E-001,-5.110116919104088E-002,6.670230490543574E-001,-5.110116919104088E-002,
3.612327640545553E+008,6.668935449448223E-001,-5.209415626382334E-002,6.668935449448223E-001,-5.209415626382334E-002,
3.687938761173719E+008,6.667360220641763E-001,-5.310879160034662E-002,6.667360220641763E-001,-5.310879160034662E-002,
3.765132529371966E+008,6.665679910616835E-001,-5.406830752313073E-002,6.665679910616835E-001,-5.406830752313073E-002,
3.843942072189731E+008,6.664094599468315E-001,-5.511267536996901E-002,6.664094599468315E-001,-5.511267536996901E-002,
3.924401210072396E+008,6.662394393520570E-001,-5.617219136112559E-002,6.662394393520570E-001,-5.617219136112559E-002,
4.006544471375042E+008,6.660615231604046E-001,-5.725002111238511E-002,6.660615231604046E-001,-5.725002111238511E-002,
4.090407107179998E+008,6.658982206078826E-001,-5.845358971895797E-002,6.658982206078826E-001,-5.845358971895797E-002,
4.176025106424546E+008,6.657320968946057E-001,-5.970943670860292E-002,6.657320968946057E-001,-5.970943670860292E-002,
4.263435211345269E+008,6.655023895674846E-001,-6.098412222830602E-002,6.655023895674846E-001,-6.098412222830602E-002,
4.352674933245664E+008,6.653087331508323E-001,-6.224353159327173E-002,6.653087331508323E-001,-6.224353159327173E-002,
4.443782568593804E+008,6.650318690277177E-001,-6.345384213856740E-002,6.650318690277177E-001,-6.345384213856740E-002,
4.536797215456938E+008,6.648155618114842E-001,-6.477697712350315E-002,6.648155618114842E-001,-6.477697712350315E-002,
4.631758790280099E+008,6.646870798990403E-001,-6.605605029924225E-002,6.646870798990403E-001,-6.605605029924225E-002,
4.728708045015902E+008,6.645036746509236E-001,-6.743682755674241E-002,6.645036746509236E-001,-6.743682755674241E-002,
4.827686584612901E+008,6.642813232417767E-001,-6.881689136307843E-002,6.642813232417767E-001,-6.881689136307843E-002,
4.928736884869999E+008,6.642516669602203E-001,-7.020463258855231E-002,6.642516669602203E-001,-7.020463258855231E-002,
5.031902310664573E+008,6.641648530579880E-001,-7.160845903377741E-002,6.641648530579880E-001,-7.160845903377741E-002,
5.137227134562149E+008,6.639698862116813E-001,-7.302966289886685E-002,6.639698862116813E-001,-7.302966289886685E-002,
5.244756555815587E+008,6.636504423746703E-001,-7.444012725029384E-002,6.636504423746703E-001,-7.444012725029384E-002,
5.354536719761968E+008,6.633646606572781E-001,-7.586069856107607E-002,6.633646606572781E-001,-7.586069856107607E-002,
5.466614737625463E+008,6.631330413235379E-001,-7.732347427355721E-002,6.631330413235379E-001,-7.732347427355721E-002,
5.581038706734722E+008,6.628689468055147E-001,-7.884961245241598E-002,6.628689468055147E-001,-7.884961245241598E-002,
5.697857731163427E+008,6.626657665551758E-001,-8.036631626707713E-002,6.626657665551758E-001,-8.036631626707713E-002,
5.817121942802894E+008,6.624807215422572E-001,-8.198463376603493E-002,6.624807215422572E-001,-8.198463376603493E-002,
5.938882522875744E+008,6.620211744477580E-001,-8.378909536691753E-002,6.620211744477580E-001,-8.378909536691753E-002,
6.063191723899891E+008,6.615404609797609E-001,-8.534148152295620E-002,6.615404609797609E-001,-8.534148152295620E-002,
6.190102892112266E+008,6.610379862595476E-001,-8.701340209601978E-002,6.610379862595476E-001,-8.701340209601978E-002,
6.319670490361900E+008,6.606089762574465E-001,-8.880059520259009E-002,6.606089762574465E-001,-8.880059520259009E-002,
6.451950121482195E+008,6.602884979866308E-001,-9.076480092112949E-002,6.602884979866308E-001,-9.076480092112949E-002,
6.586998552152404E+008,6.600742530109385E-001,-9.293693857291446E-002,6.600742530109385E-001,-9.293693857291446E-002,
6.724873737258571E+008,6.598017438315935E-001,-9.460377193618608E-002,6.598017438315935E-001,-9.460377193618608E-002,
6.865634844764381E+008,6.593687534868804E-001,-9.631063329062412E-002,6.593687534868804E-001,-9.631063329062412E-002,
7.009342281102579E+008,6.589911173900299E-001,-9.819593358836135E-002,6.589911173900299E-001,-9.819593358836135E-002,
7.156057717097888E+008,6.586455180449656E-001,-1.001555700513683E-001,6.586455180449656E-001,-1.001555700513683E-001,
7.305844114432513E+008,6.584454511049753E-001,-1.023094186466557E-001,6.584454511049753E-001,-1.023094186466557E-001,
7.458765752665610E+008,6.580395926211251E-001,-1.044624014694730E-001,6.580395926211251E-001,-1.044624014694730E-001,
7.614888256818322E+008,6.570987473737404E-001,-1.064391622310465E-001,6.570987473737404E-001,-1.064391622310465E-001,
7.774278625536187E+008,6.563931731352456E-001,-1.081939766202996E-001,6.563931731352456E-001,-1.081939766202996E-001,
7.937005259841044E+008,6.556950220881000E-001,-1.104238897648625E-001,6.556950220881000E-001,-1.104238897648625E-001,
8.103137992484750E+008,6.551443310910738E-001,-1.128670596510637E-001,6.551443310910738E-001,-1.128670596510637E-001,
8.272748117917309E+008,6.547244192327403E-001,-1.152935444366345E-001,6.547244192327403E-001,-1.152935444366345E-001,
8.445908422882283E+008,6.540512452436742E-001,-1.177433187013795E-001,6.540512452436742E-001,-1.177433187013795E-001,
8.622693217652600E+008,6.535010640303698E-001,-1.198775907477053E-001,6.535010640303698E-001,-1.198775907477053E-001,
8.803178367920179E+008,6.530458829537422E-001,-1.222116758711561E-001,6.530458829537422E-001,-1.222116758711561E-001,
8.987441327353046E+008,6.526872396146453E-001,-1.246131000995916E-001,6.526872396146453E-001,-1.246131000995916E-001,
9.175561170833916E+008,6.517725502060479E-001,-1.269409034943229E-001,6.517725502060479E-001,-1.269409034943229E-001,
9.367618628394508E+008,6.507367382461166E-001,-1.291839521486198E-001,6.507367382461166E-001,-1.291839521486198E-001,
9.563696119860154E+008,6.497237892032286E-001,-1.318836101595269E-001,6.497237892032286E-001,-1.318836101595269E-001,
9.763877790219561E+008,6.489926904943160E-001,-1.347401460071993E-001,6.489926904943160E-001,-1.347401460071993E-001,
9.968249545734922E+008,6.479466348362566E-001,-1.375676153230519E-001,6.479466348362566E-001,-1.375676153230519E-001,
1.017689909080786E+009,6.469609000622012E-001,-1.401651163553379E-001,6.469609000622012E-001,-1.401651163553379E-001,
1.038991596561701E+009,6.462567521099161E-001,-1.432381514326306E-001,6.462567521099161E-001,-1.432381514326306E-001,
1.060739158454346E+009,6.459599533635340E-001,-1.461435002457058E-001,6.459599533635340E-001,-1.461435002457058E-001,
1.082941927540042E+009,6.445459312400566E-001,-1.485220372241289E-001,6.445459312400566E-001,-1.485220372241289E-001,
1.105609431948408E+009,6.433109174954639E-001,-1.510876201418122E-001,6.433109174954639E-001,-1.510876201418122E-001,
1.128751399246275E+009,6.420770319890981E-001,-1.543086253407997E-001,6.420770319890981E-001,-1.543086253407997E-001,
1.152377760612193E+009,6.407920158282050E-001,-1.574135463843068E-001,6.407920158282050E-001,-1.574135463843068E-001,
1.176498655098304E+009,6.393763787118224E-001,-1.604698729865786E-001,6.393763787118224E-001,-1.604698729865786E-001,
1.201124433981439E+009,6.383775699928611E-001,-1.640517367055082E-001,6.383775699928611E-001,-1.640517367055082E-001,
1.226265665205275E+009,6.376266973983019E-001,-1.673278978569748E-001,6.376266973983019E-001,-1.673278978569748E-001,
1.251933137915478E+009,6.359986004504142E-001,-1.698687215603138E-001,6.359986004504142E-001,-1.698687215603138E-001,
1.278137867089775E+009,6.345287716386628E-001,-1.729732857889348E-001,6.345287716386628E-001,-1.729732857889348E-001,
1.304891098264939E+009,6.329215289649790E-001,-1.762746227546772E-001,6.329215289649790E-001,-1.762746227546772E-001,
1.332204312362714E+009,6.309836210301605E-001,-1.794184882361805E-001,6.309836210301605E-001,-1.794184882361805E-001,
1.360089230616753E+009,6.293815311129362E-001,-1.835325954383191E-001,6.293815311129362E-001,-1.835325954383191E-001,
1.388557819602690E+009,6.283275707300726E-001,-1.873587191540395E-001,6.283275707300726E-001,-1.873587191540395E-001,
1.417622296373492E+009,6.265170233372198E-001,-1.905218191201383E-001,6.265170233372198E-001,-1.905218191201383E-001,
1.447295133702302E+009,6.249077525882657E-001,-1.941137936763550E-001,6.249077525882657E-001,-1.941137936763550E-001,
1.477589065435027E+009,6.230486457329516E-001,-1.972402100060429E-001,6.230486457329516E-001,-1.972402100060429E-001,
1.508517091954956E+009,6.205866208627124E-001,-2.009731298817918E-001,6.205866208627124E-001,-2.009731298817918E-001,
1.540092485761767E+009,6.188317835247537E-001,-2.057624918737443E-001,6.188317835247537E-001,-2.057624918737443E-001,
1.572328797167307E+009,6.167276978497723E-001,-2.093709831452238E-001,6.167276978497723E-001,-2.093709831452238E-001,
1.605239860110590E+009,6.150999632960745E-001,-2.135052914338733E-001,6.150999632960745E-001,-2.135052914338733E-001,
1.638839798094518E+009,6.127594520763811E-001,-2.166874049535677E-001,6.127594520763811E-001,-2.166874049535677E-001,
1.673143030246862E+009,6.100247919100951E-001,-2.206619232237271E-001,6.100247919100951E-001,-2.206619232237271E-001,
1.708164277508106E+009,6.075751223690663E-001,-2.251978751000473E-001,6.075751223690663E-001,-2.251978751000473E-001,
1.743918568948813E+009,6.050042152137997E-001,-2.294482064830202E-001,6.050042152137997E-001,-2.294482064830202E-001,
1.780421248219227E+009,6.032674242953269E-001,-2.338491470901644E-001,6.032674242953269E-001,-2.338491470901644E-001,
1.817687980133866E+009,6.002763202607307E-001,-2.372098655097921E-001,6.002763202607307E-001,-2.372098655097921E-001,
1.855734757393946E+009,5.971709190697009E-001,-2.415861083962417E-001,5.971709190697009E-001,-2.415861083962417E-001,
1.894577907450513E+009,5.937752366054998E-001,-2.458302242023067E-001,5.937752366054998E-001,-2.458302242023067E-001,
1.934234099511226E+009,5.914069342218029E-001,-2.515061452526078E-001,5.914069342218029E-001,-2.515061452526078E-001,
1.974720351693812E+009,5.885659425213212E-001,-2.549522700839189E-001,5.885659425213212E-001,-2.549522700839189E-001,
2.016054038329243E+009,5.855369009593969E-001,-2.596334487226113E-001,5.855369009593969E-001,-2.596334487226113E-001,
2.058252897417781E+009,5.815531089063029E-001,-2.637380262971969E-001,5.815531089063029E-001,-2.637380262971969E-001,
2.101335038241093E+009,5.780244027174319E-001,-2.692036462733097E-001,5.780244027174319E-001,-2.692036462733097E-001,
2.145318949133695E+009,5.747217432041800E-001,-2.736059886911539E-001,5.747217432041800E-001,-2.736059886911539E-001,
2.190223505417061E+009,5.712780369432777E-001,-2.777894530006421E-001,5.712780369432777E-001,-2.777894530006421E-001,
2.236067977499810E+009,5.668015575939531E-001,-2.824047383811794E-001,5.668015575939531E-001,-2.824047383811794E-001,
2.282872039147435E+009,5.630501889093755E-001,-2.875288144063879E-001,5.630501889093755E-001,-2.875288144063879E-001,
2.330655775925136E+009,5.592976372059171E-001,-2.925127766779412E-001,5.592976372059171E-001,-2.925127766779412E-001,
2.379439693817366E+009,5.550975714444669E-001,-2.965623785677186E-001,5.550975714444669E-001,-2.965623785677186E-001,
2.429244728027800E+009,5.503910280836311E-001,-3.014942797517843E-001,5.503910280836311E-001,-3.014942797517843E-001,
2.480092251963504E+009,5.459483606065666E-001,-3.071011448322115E-001,5.459483606065666E-001,-3.071011448322115E-001,
2.532004086407146E+009,5.419835660793873E-001,-3.116971124588586E-001,5.419835660793873E-001,-3.116971124588586E-001,
2.585002508881200E+009,5.371398017301642E-001,-3.163025757976054E-001,5.371398017301642E-001,-3.163025757976054E-001,
2.639110263208160E+009,5.317516987292624E-001,-3.220660646074360E-001,5.317516987292624E-001,-3.220660646074360E-001,
2.694350569270853E+009,5.273424811908447E-001,-3.269718031681925E-001,5.273424811908447E-001,-3.269718031681925E-001,
2.750747132977056E+009,5.222329981694740E-001,-3.312144337375480E-001,5.222329981694740E-001,-3.312144337375480E-001,
2.808324156432685E+009,5.164477712241431E-001,-3.370322572903312E-001,5.164477712241431E-001,-3.370322572903312E-001,
2.867106348327923E+009,5.112376301585062E-001,-3.423118075772738E-001,5.112376301585062E-001,-3.423118075772738E-001,
2.927118934540746E+009,5.059719068359163E-001,-3.465830351540183E-001,5.059719068359163E-001,-3.465830351540183E-001,
2.988387668962389E+009,4.996948284383031E-001,-3.522692681299909E-001,4.996948284383031E-001,-3.522692681299909E-001,
3.050938844549417E+009,4.940613576809712E-001,-3.574815304711527E-001,4.940613576809712E-001,-3.574815304711527E-001,
3.114799304607116E+009,4.879537573099008E-001,-3.620042354006683E-001,4.879537573099008E-001,-3.620042354006683E-001,
3.179996454309075E+009,4.813214928334414E-001,-3.677399231842633E-001,4.813214928334414E-001,-3.677399231842633E-001,
3.246558272457882E+009,4.756041688477564E-001,-3.725366561123286E-001,4.756041688477564E-001,-3.725366561123286E-001,
3.314513323491987E+009,4.687255158093103E-001,-3.771498768799658E-001,4.687255158093103E-001,-3.771498768799658E-001,
3.383890769743891E+009,4.621929407257190E-001,-3.829111946404382E-001,4.621929407257190E-001,-3.829111946404382E-001,
3.454720383954909E+009,4.556211027678218E-001,-3.870548582973516E-001,4.556211027678218E-001,-3.870548582973516E-001,
3.527032562051896E+009,4.473560102194611E-001,-3.925423394037266E-001,4.473560102194611E-001,-3.925423394037266E-001,
3.600858336191391E+009,4.407984794678102E-001,-3.978937428569309E-001,4.407984794678102E-001,-3.978937428569309E-001,
3.676229388076813E+009,4.330218857580139E-001,-4.020125736976953E-001,4.330218857580139E-001,-4.020125736976953E-001,
3.753178062554387E+009,4.253228036668867E-001,-4.080469730149159E-001,4.253228036668867E-001,-4.080469730149159E-001,
3.831737381493663E+009,4.179342251477130E-001,-4.118477578085058E-001,4.179342251477130E-001,-4.118477578085058E-001,
3.911941057958573E+009,4.094468420454104E-001,-4.174016566696595E-001,4.094468420454104E-001,-4.174016566696595E-001,
3.993823510675101E+009,4.022820653316198E-001,-4.214558848718742E-001,4.022820653316198E-001,-4.214558848718742E-001,
4.077419878801790E+009,3.928662817409976E-001,-4.263045003128806E-001,3.928662817409976E-001,-4.263045003128806E-001,
4.162766037009410E+009,3.851946119227376E-001,-4.308139834439038E-001,3.851946119227376E-001,-4.308139834439038E-001,
4.249898610876274E+009,3.758050694482128E-001,-4.350191128770949E-001,3.758050694482128E-001,-4.350191128770949E-001,
4.338854992605786E+009,3.678938824604474E-001,-4.394433042920619E-001,3.678938824604474E-001,-4.394433042920619E-001,
4.429673357072994E+009,3.576914569316114E-001,-4.435938576837365E-001,3.576914569316114E-001,-4.435938576837365E-001,
4.522392678207007E+009,3.498889167002991E-001,-4.480067642004949E-001,3.498889167002991E-001,-4.480067642004949E-001,
4.617052745716332E+009,3.396699006649486E-001,-4.520083194491062E-001,3.396699006649486E-001,-4.520083194491062E-001,
4.713694182164284E+009,3.310122682047682E-001,-4.557082549075256E-001,3.310122682047682E-001,-4.557082549075256E-001,
4.812358460401814E+009,3.206560732278945E-001,-4.599590024389012E-001,3.206560732278945E-001,-4.599590024389012E-001,
4.913087921365233E+009,3.113626894788542E-001,-4.630099236606285E-001,3.113626894788542E-001,-4.630099236606285E-001,
5.015925792246465E+009,3.013145429255876E-001,-4.673566745790074E-001,3.013145429255876E-001,-4.673566745790074E-001,
5.120916205043626E+009,2.914464801706230E-001,-4.699597359803940E-001,2.914464801706230E-001,-4.699597359803940E-001,
5.228104215499899E+009,2.815755746339993E-001,-4.736336809297573E-001,2.815755746339993E-001,-4.736336809297573E-001,
5.337535822438821E+009,2.708291062856674E-001,-4.767713101055691E-001,2.708291062856674E-001,-4.767713101055691E-001,
5.449257987504287E+009,2.610778106724053E-001,-4.793974964307967E-001,2.610778106724053E-001,-4.793974964307967E-001,
5.563318655313743E+009,2.508126491802119E-001,-4.828639737117950E-001,2.508126491802119E-001,-4.828639737117950E-001,
5.679766774033207E+009,2.404096643480347E-001,-4.847590505635728E-001,2.404096643480347E-001,-4.847590505635728E-001,
5.798652316382962E+009,2.301931426977026E-001,-4.872049928391311E-001,2.301931426977026E-001,-4.872049928391311E-001,
5.920026301082923E+009,2.193727443601065E-001,-4.899267447241336E-001,2.193727443601065E-001,-4.899267447241336E-001,
6.043940814746885E+009,2.086390591025600E-001,-4.913000773445196E-001,2.086390591025600E-001,-4.913000773445196E-001,
6.170449034235055E+009,1.985257297401825E-001,-4.928192836627916E-001,1.985257297401825E-001,-4.928192836627916E-001,
6.299605249474443E+009,1.879416344257259E-001,-4.950710936018624E-001,1.879416344257259E-001,-4.950710936018624E-001,
6.431464886756929E+009,1.765222495729811E-001,-4.961818377283366E-001,1.765222495729811E-001,-4.961818377283366E-001,
6.566084532524983E+009,1.657686065054770E-001,-4.972552378415870E-001,1.657686065054770E-001,-4.972552378415870E-001,
6.703521957655251E+009,1.552454045117348E-001,-4.978983552022893E-001,1.552454045117348E-001,-4.978983552022893E-001,
6.843836142250444E+009,1.444303123340259E-001,-4.989442106408782E-001,1.444303123340259E-001,-4.989442106408782E-001,
6.987087300950141E+009,1.332119684034002E-001,-4.995467510802423E-001,1.332119684034002E-001,-4.995467510802423E-001,
7.133336908771395E+009,1.223225271803093E-001,-4.993649600805554E-001,1.223225271803093E-001,-4.993649600805554E-001,
7.282647727490209E+009,1.117514371344034E-001,-4.989729870104681E-001,1.117514371344034E-001,-4.989729870104681E-001,
7.435083832575221E+009,1.012557441380305E-001,-4.982231010127390E-001,1.012557441380305E-001,-4.982231010127390E-001,
7.590710640685147E+009,9.122423331262321E-002,-4.978596074486448E-001,9.122423331262321E-002,-4.978596074486448E-001,
7.749594937741785E+009,8.068068175927567E-002,-4.966278459036457E-001,8.068068175927567E-002,-4.966278459036457E-001,
7.911804907590622E+009,7.061444981594806E-002,-4.956037862504085E-001,7.061444981594806E-002,-4.956037862504085E-001,
8.077410161261354E+009,6.006116611766271E-002,-4.940733831185244E-001,6.006116611766271E-002,-4.940733831185244E-001,
8.246481766840870E+009,5.027524841371380E-002,-4.922661617006718E-001,5.027524841371380E-002,-4.922661617006718E-001,
8.419092279971513E+009,4.027600697287434E-002,-4.903261116793248E-001,4.027600697287434E-002,-4.903261116793248E-001,
8.595315774987719E+009,3.065571283669798E-002,-4.878557491234354E-001,3.065571283669798E-002,-4.878557491234354E-001,
8.775227876704388E+009,2.099776001741600E-002,-4.851549775539982E-001,2.099776001741600E-002,-4.851549775539982E-001,
8.958905792870632E+009,1.181839369304464E-002,-4.819989015290775E-001,1.181839369304464E-002,-4.819989015290775E-001,
9.146428347302822E+009,2.892928930268636E-003,-4.781090670486351E-001,2.892928930268636E-003,-4.781090670486351E-001,
9.337876013711161E+009,-6.369180495124549E-003,-4.753940856940621E-001,-6.369180495124549E-003,-4.753940856940621E-001,
9.533330950234287E+009,-1.508987576130666E-002,-4.706105575663122E-001,-1.508987576130666E-002,-4.706105575663122E-001,
9.732877034696749E+009,-2.368442470227797E-002,-4.663124091852836E-001,-2.368442470227797E-002,-4.663124091852836E-001,
9.936599900604454E+009,-3.274763255022324E-002,-4.618739728508036E-001,-3.274763255022324E-002,-4.618739728508036E-001,
1.014458697389356E+010,-4.136913507247240E-002,-4.574417798208392E-001,-4.136913507247240E-002,-4.574417798208392E-001,
1.035692751044859E+010,-5.016766240956565E-002,-4.532414880476245E-001,-5.016766240956565E-002,-4.532414880476245E-001,
1.057371263440579E+010,-5.734856658711175E-002,-4.487851103268994E-001,-5.734856658711175E-002,-4.487851103268994E-001,
1.079503537725833E+010,-6.526711107117171E-002,-4.435917903861411E-001,-6.526711107117171E-002,-4.435917903861411E-001,
1.102099071777997E+010,-7.227038009407429E-002,-4.378295530541769E-001,-7.227038009407429E-002,-4.378295530541769E-001,
1.125167562278435E+010,-8.032282203055401E-002,-4.323862130359250E-001,-8.032282203055401E-002,-4.323862130359250E-001,
1.148718908873753E+010,-8.854396350766430E-002,-4.273452212807388E-001,-8.854396350766430E-002,-4.273452212807388E-001,
1.172763218424143E+010,-9.584600545589861E-002,-4.205770487421664E-001,-9.584600545589861E-002,-4.205770487421664E-001,
1.197310809340661E+010,-1.047294334996418E-001,-4.157851545432268E-001,-1.047294334996418E-001,-4.157851545432268E-001,
1.222372216013282E+010,-1.107448986949296E-001,-4.097395580868860E-001,-1.107448986949296E-001,-4.097395580868860E-001,
1.247958193331646E+010,-1.195862771273887E-001,-4.030827732329608E-001,-1.195862771273887E-001,-4.030827732329608E-001,
1.274079721300426E+010,-1.268735039105906E-001,-3.992712330755569E-001,-1.268735039105906E-001,-3.992712330755569E-001,
1.300748009751303E+010,-1.347430662833030E-001,-3.922266580435159E-001,-1.347430662833030E-001,-3.922266580435159E-001,
1.327974503153573E+010,-1.427810197835020E-001,-3.873878343949021E-001,-1.427810197835020E-001,-3.873878343949021E-001,
1.355770885525442E+010,-1.504141161900394E-001,-3.812872735079145E-001,-1.504141161900394E-001,-3.812872735079145E-001,
1.384149085448120E+010,-1.573916329608882E-001,-3.763085613773506E-001,-1.573916329608882E-001,-3.763085613773506E-001,
1.413121281184877E+010,-1.660611746103445E-001,-3.715601755604637E-001,-1.660611746103445E-001,-3.715601755604637E-001,
1.442699905907235E+010,-1.739009227345525E-001,-3.655759382864598E-001,-1.739009227345525E-001,-3.655759382864598E-001,
1.472897653030561E+010,-1.808712292121865E-001,-3.611328041736163E-001,-1.808712292121865E-001,-3.611328041736163E-001,
1.503727481661337E+010,-1.891487047954275E-001,-3.567435363269642E-001,-1.891487047954275E-001,-3.567435363269642E-001,
1.535202622158452E+010,-1.975086553381624E-001,-3.506822472332931E-001,-1.975086553381624E-001,-3.506822472332931E-001,
1.567336581810895E+010,-2.049306199817591E-001,-3.458659673703844E-001,-2.049306199817591E-001,-3.458659673703844E-001,
1.600143150634299E+010,-2.122225446332924E-001,-3.420364043722067E-001,-2.122225446332924E-001,-3.420364043722067E-001,
1.633636407288800E+010,-2.200303156281743E-001,-3.376481032034385E-001,-2.200303156281743E-001,-3.376481032034385E-001,
1.667830725120785E+010,-2.279230374924951E-001,-3.339689142904487E-001,-2.279230374924951E-001,-3.339689142904487E-001,
1.702740778331081E+010,-2.354142063819955E-001,-3.302583111693924E-001,-2.354142063819955E-001,-3.302583111693924E-001,
1.738381548272271E+010,-2.418672822903336E-001,-3.253127904566933E-001,-2.418672822903336E-001,-3.253127904566933E-001,
1.774768329877812E+010,-2.488499681710968E-001,-3.207112465832080E-001,-2.488499681710968E-001,-3.207112465832080E-001,
1.811916738225725E+010,-2.549807182254596E-001,-3.158072313512582E-001,-2.549807182254596E-001,-3.158072313512582E-001,
1.849842715239673E+010,-2.596987702707371E-001,-3.116245990697966E-001,-2.596987702707371E-001,-3.116245990697966E-001,
1.888562536530301E+010,-2.651190388488082E-001,-3.059944284980323E-001,-2.651190388488082E-001,-3.059944284980323E-001,
1.928092818379779E+010,-2.709020445816945E-001,-2.999976309917025E-001,-2.709020445816945E-001,-2.999976309917025E-001,
1.968450524872536E+010,-2.761121945000105E-001,-2.952099940579899E-001,-2.761121945000105E-001,-2.952099940579899E-001,
2.009652975175254E+010,-2.780513757383155E-001,-2.919995643140894E-001,-2.780513757383155E-001,-2.919995643140894E-001,
2.051717850969239E+010,-2.804868190754708E-001,-2.848828705353901E-001,-2.804868190754708E-001,-2.848828705353901E-001,
2.094663204038366E+010,-2.853373803562023E-001,-2.800597605567997E-001,-2.853373803562023E-001,-2.800597605567997E-001,
2.138507464015848E+010,-2.853557615852759E-001,-2.745119337072557E-001,-2.853557615852759E-001,-2.745119337072557E-001,
2.183269446293157E+010,-2.904756777327890E-001,-2.689768008353979E-001,-2.904756777327890E-001,-2.689768008353979E-001,
2.228968360094489E+010,-2.923177730566473E-001,-2.653085631807984E-001,-2.923177730566473E-001,-2.653085631807984E-001,
2.275623816720238E+010,-2.959428052003052E-001,-2.591277200084424E-001,-2.959428052003052E-001,-2.591277200084424E-001,
2.323255837963022E+010,-2.974474316391300E-001,-2.548619434679028E-001,-2.974474316391300E-001,-2.548619434679028E-001,
2.371884864699861E+010,-3.026424664621868E-001,-2.516880499557557E-001,-3.026424664621868E-001,-2.516880499557557E-001,
2.421531765664209E+010,-3.072957601741025E-001,-2.502741555085912E-001,-3.072957601741025E-001,-2.502741555085912E-001,
2.472217846401591E+010,-3.111093912603041E-001,-2.471545898134929E-001,-3.111093912603041E-001,-2.471545898134929E-001,
2.523964858412701E+010,-3.185964708270379E-001,-2.465840243563391E-001,-3.185964708270379E-001,-2.465840243563391E-001,
2.576795008487867E+010,-3.248761088836230E-001,-2.455352447247998E-001,-3.248761088836230E-001,-2.455352447247998E-001,
2.630730968236913E+010,-3.298987987395410E-001,-2.450485852437156E-001,-3.298987987395410E-001,-2.450485852437156E-001,
2.685795883818483E+010,-3.341726058228413E-001,-2.505724891331004E-001,-3.341726058228413E-001,-2.505724891331004E-001,
2.742013385873019E+010,-3.371798571936401E-001,-2.573788525060967E-001,-3.371798571936401E-001,-2.573788525060967E-001,
2.799407599663654E+010,-3.382548335149562E-001,-2.614692510218238E-001,-3.382548335149562E-001,-2.614692510218238E-001,
2.858003155429355E+010,-3.417627211786040E-001,-2.634743029950363E-001,-3.417627211786040E-001,-2.634743029950363E-001,
2.917825198954789E+010,-3.434659991799276E-001,-2.743264821983124E-001,-3.434659991799276E-001,-2.743264821983124E-001,
2.978899402361419E+010,-3.364274220218129E-001,-2.831416502371963E-001,-3.364274220218129E-001,-2.831416502371963E-001,
3.041251975124476E+010,-3.352603554653542E-001,-2.821778786668032E-001,-3.352603554653542E-001,-2.821778786668032E-001,
3.104909675320535E+010,-3.269270237328387E-001,-2.865743145573734E-001,-3.269270237328387E-001,-2.865743145573734E-001,
3.169899821110511E+010,-3.217766043906912E-001,-2.888886899855485E-001,-3.217766043906912E-001,-2.888886899855485E-001,
3.236250302463025E+010,-3.074235092453621E-001,-2.889533973095174E-001,-3.074235092453621E-001,-2.889533973095174E-001,
3.303989593123136E+010,-2.967491608232623E-001,-2.870704296092110E-001,-2.967491608232623E-001,-2.870704296092110E-001,
3.373146762831615E+010,-2.842081424097088E-001,-2.846241675068416E-001,-2.842081424097088E-001,-2.846241675068416E-001,
3.443751489799971E+010,-2.759101819080095E-001,-2.746573763643361E-001,-2.759101819080095E-001,-2.746573763643361E-001,
3.515834073446610E+010,-2.665106559013042E-001,-2.690217568868821E-001,-2.665106559013042E-001,-2.690217568868821E-001,
3.589425447399565E+010,-2.628717103196855E-001,-2.592297401706409E-001,-2.628717103196855E-001,-2.592297401706409E-001,
3.664557192771407E+010,-2.503951757311179E-001,-2.512787077654642E-001,-2.503951757311179E-001,-2.512787077654642E-001,
3.741261551712006E+010,-2.551589024374624E-001,-2.403891194369782E-001,-2.551589024374624E-001,-2.403891194369782E-001,
3.819571441244975E+010,-2.516267928866154E-001,-2.423992212546519E-001,-2.516267928866154E-001,-2.423992212546519E-001,
3.899520467393736E+010,-2.527934369476808E-001,-2.341886818554460E-001,-2.527934369476808E-001,-2.341886818554460E-001,
3.981142939603255E+010,-2.543466188626821E-001,-2.357154125992452E-001,-2.543466188626821E-001,-2.357154125992452E-001,
4.064473885463650E+010,-2.534812280536628E-001,-2.321209373711978E-001,-2.534812280536628E-001,-2.321209373711978E-001,
4.149549065741983E+010,-2.462547326917717E-001,-2.338699098894403E-001,-2.462547326917717E-001,-2.338699098894403E-001,
4.236404989728691E+010,-2.364251984054501E-001,-2.362046505795930E-001,-2.364251984054501E-001,-2.362046505795930E-001,
4.325078930905235E+010,-2.258798117315994E-001,-2.333082623641725E-001,-2.258798117315994E-001,-2.333082623641725E-001,
4.415608942939697E+010,-2.130982640485848E-001,-2.285954931822045E-001,-2.130982640485848E-001,-2.285954931822045E-001,
4.508033876017195E+010,-1.990197971569233E-001,-2.110618631264109E-001,-1.990197971569233E-001,-2.110618631264109E-001,
4.602393393512102E+010,-1.895857529073449E-001,-1.843099416066298E-001,-1.895857529073449E-001,-1.843099416066298E-001,
4.698727989009248E+010,-1.851684868719308E-001,-1.669681303195222E-001,-1.851684868719308E-001,-1.669681303195222E-001,
4.797079003681400E+010,-1.825461788132562E-001,-1.335647052990710E-001,-1.825461788132562E-001,-1.335647052990710E-001,
4.897488644030473E+010,-1.884377325111136E-001,-1.087989006093802E-001,-1.884377325111136E-001,-1.087989006093802E-001,
5.000000000000000E+010,-2.052340685038789E-001,-7.691056718968301E-002,-2.052340685038789E-001,-7.691056718968301E-002,
