% Version 1.00
%
%freq[Hz],re:Trc1_S11,im:Trc1_S11,re:Trc2_S11,im:Trc2_S11,
1.000000000000000E+008,5.488706326029110E-001,-1.484637340362527E-002,5.488706326029110E-001,-1.484637340362527E-002,
1.020931412693436E+008,5.488828864131380E-001,-1.488288598173407E-002,5.488828864131380E-001,-1.488288598173407E-002,
1.042300949424215E+008,5.487159012703559E-001,-1.515077436180535E-002,5.487159012703559E-001,-1.515077436180535E-002,
1.064117780747374E+008,5.486890844525909E-001,-1.544752703498959E-002,5.486890844525909E-001,-1.544752703498959E-002,
1.086391269170620E+008,5.485806306542294E-001,-1.563431160077925E-002,5.485806306542294E-001,-1.563431160077925E-002,
1.109130973172177E+008,5.486355202130940E-001,-1.583194298693869E-002,5.486355202130940E-001,-1.583194298693869E-002,
1.132346651302716E+008,5.485842133919876E-001,-1.595038840784772E-002,5.485842133919876E-001,-1.595038840784772E-002,
1.156048266373163E+008,5.484150677662036E-001,-1.653155853620611E-002,5.484150677662036E-001,-1.653155853620611E-002,
1.180245989730151E+008,5.484809683120711E-001,-1.672011810491027E-002,5.484809683120711E-001,-1.672011810491027E-002,
1.204950205620966E+008,5.484668140112762E-001,-1.690876628148355E-002,5.484668140112762E-001,-1.690876628148355E-002,
1.230171515649859E+008,5.483399651680634E-001,-1.697348329703564E-002,5.483399651680634E-001,-1.697348329703564E-002,
1.255920743327636E+008,5.483369657356021E-001,-1.762120782062800E-002,5.483369657356021E-001,-1.762120782062800E-002,
1.282208938716474E+008,5.483142499477434E-001,-1.748225974761447E-002,5.483142499477434E-001,-1.748225974761447E-002,
1.309047383171961E+008,5.483864088519883E-001,-1.793953564000782E-002,5.483864088519883E-001,-1.793953564000782E-002,
1.336447594184396E+008,5.482942072443204E-001,-1.828388109864084E-002,5.482942072443204E-001,-1.828388109864084E-002,
1.364421330321420E+008,5.483570000981368E-001,-1.853708129655419E-002,5.483570000981368E-001,-1.853708129655419E-002,
1.392980596274105E+008,5.483485073100215E-001,-1.891215146243271E-002,5.483485073100215E-001,-1.891215146243271E-002,
1.422137648008667E+008,5.482048738861534E-001,-1.902280439576471E-002,5.482048738861534E-001,-1.902280439576471E-002,
1.451904998026009E+008,5.482138888326231E-001,-1.960597237484354E-002,5.482138888326231E-001,-1.960597237484354E-002,
1.482295420731354E+008,5.481544955056960E-001,-1.984366303630748E-002,5.481544955056960E-001,-1.984366303630748E-002,
1.513321957916272E+008,5.481757023606918E-001,-2.001858718660494E-002,5.481757023606918E-001,-2.001858718660494E-002,
1.544997924355456E+008,5.481102685944214E-001,-2.058192046714252E-002,5.481102685944214E-001,-2.058192046714252E-002,
1.577336913520643E+008,5.480498784004381E-001,-2.087434739250989E-002,5.480498784004381E-001,-2.087434739250989E-002,
1.610352803414134E+008,5.480775404370439E-001,-2.123230272793541E-002,5.480775404370439E-001,-2.123230272793541E-002,
1.644059762524427E+008,5.479469590705324E-001,-2.153971280065794E-002,5.479469590705324E-001,-2.153971280065794E-002,
1.678472255906498E+008,5.479950089633822E-001,-2.189007531143529E-002,5.479950089633822E-001,-2.189007531143529E-002,
1.713605051389360E+008,5.478885183081821E-001,-2.225644589761668E-002,5.478885183081821E-001,-2.225644589761668E-002,
1.749473225913547E+008,5.478349559240952E-001,-2.259486729841789E-002,5.478349559240952E-001,-2.259486729841789E-002,
1.786092172001261E+008,5.477752276539289E-001,-2.297402066535285E-002,5.477752276539289E-001,-2.297402066535285E-002,
1.823477604361935E+008,5.477885674594613E-001,-2.306950864582867E-002,5.477885674594613E-001,-2.306950864582867E-002,
1.861645566636073E+008,5.477065462897297E-001,-2.370248992813657E-002,5.477065462897297E-001,-2.370248992813657E-002,
1.900612438280239E+008,5.475918462439734E-001,-2.409678515893651E-002,5.475918462439734E-001,-2.409678515893651E-002,
1.940394941596160E+008,5.475603097541543E-001,-2.445134821101563E-002,5.475603097541543E-001,-2.445134821101563E-002,
1.981010148906965E+008,5.473644564608907E-001,-2.489398912778027E-002,5.473644564608907E-001,-2.489398912778027E-002,
2.022475489883622E+008,5.473537313784946E-001,-2.527876634757063E-002,5.473537313784946E-001,-2.527876634757063E-002,
2.064808759024735E+008,5.472734078411676E-001,-2.572863045288366E-002,5.472734078411676E-001,-2.572863045288366E-002,
2.108028123292904E+008,5.472765728347485E-001,-2.607366472042383E-002,5.472765728347485E-001,-2.607366472042383E-002,
2.152152129910917E+008,5.471453326709501E-001,-2.661927024868369E-002,5.471453326709501E-001,-2.661927024868369E-002,
2.197199714321140E+008,5.470142225829539E-001,-2.711063923012366E-002,5.470142225829539E-001,-2.711063923012366E-002,
2.243190208311496E+008,5.470221755900466E-001,-2.763376780953136E-002,5.470221755900466E-001,-2.763376780953136E-002,
2.290143348311539E+008,5.469210774053185E-001,-2.815946043665718E-002,5.469210774053185E-001,-2.815946043665718E-002,
2.338079283862175E+008,5.469272757051924E-001,-2.864638867898640E-002,5.469272757051924E-001,-2.864638867898640E-002,
2.387018586262668E+008,5.467334223896867E-001,-2.923050299680731E-002,5.467334223896867E-001,-2.923050299680731E-002,
2.436982257398635E+008,5.467608421318402E-001,-2.975052155037590E-002,5.467608421318402E-001,-2.975052155037590E-002,
2.487991738754827E+008,5.466520322011380E-001,-3.033624401068479E-002,5.466520322011380E-001,-3.033624401068479E-002,
2.540068920616564E+008,5.465041881642694E-001,-3.085786641781981E-002,5.465041881642694E-001,-3.085786641781981E-002,
2.593236151463760E+008,5.464210797780044E-001,-3.148076238270904E-002,5.464210797780044E-001,-3.148076238270904E-002,
2.647516247561587E+008,5.464022555110992E-001,-3.205564206321118E-002,5.464022555110992E-001,-3.205564206321118E-002,
2.702932502751876E+008,5.462977993461751E-001,-3.275577754813053E-002,5.462977993461751E-001,-3.275577754813053E-002,
2.759508698449477E+008,5.462208825325003E-001,-3.342239982989449E-002,5.462208825325003E-001,-3.342239982989449E-002,
2.817269113847850E+008,5.461188854137173E-001,-3.410969627382277E-002,5.461188854137173E-001,-3.410969627382277E-002,
2.876238536338270E+008,5.459908058219742E-001,-3.478205963065045E-002,5.459908058219742E-001,-3.478205963065045E-002,
2.936442272147132E+008,5.459665629962363E-001,-3.537879479764909E-002,5.459665629962363E-001,-3.537879479764909E-002,
2.997906157195895E+008,5.459492570257515E-001,-3.612242033733280E-002,5.459492570257515E-001,-3.612242033733280E-002,
3.060656568188355E+008,5.458799807680650E-001,-3.678916530576910E-002,5.458799807680650E-001,-3.678916530576910E-002,
3.124720433929982E+008,5.458766131731602E-001,-3.751491574307472E-002,5.458766131731602E-001,-3.751491574307472E-002,
3.190125246884183E+008,5.458404325012357E-001,-3.817753402065123E-002,5.458404325012357E-001,-3.817753402065123E-002,
3.256899074970465E+008,5.458125698409020E-001,-3.889347961427682E-002,5.458125698409020E-001,-3.889347961427682E-002,
3.325070573609542E+008,5.457097890424218E-001,-3.960548853438274E-002,5.457097890424218E-001,-3.960548853438274E-002,
3.394668998020564E+008,5.455958539363783E-001,-4.036038792575209E-002,5.455958539363783E-001,-4.036038792575209E-002,
3.465724215775746E+008,5.455156767368496E-001,-4.108511578667450E-002,5.455156767368496E-001,-4.108511578667450E-002,
3.538266719617783E+008,5.454482702024450E-001,-4.184059178186254E-002,5.454482702024450E-001,-4.184059178186254E-002,
3.612327640545553E+008,5.453621375229287E-001,-4.261299206504363E-002,5.453621375229287E-001,-4.261299206504363E-002,
3.687938761173719E+008,5.452315843493445E-001,-4.342509296648988E-002,5.452315843493445E-001,-4.342509296648988E-002,
3.765132529371966E+008,5.450686411363847E-001,-4.421938830761971E-002,5.450686411363847E-001,-4.421938830761971E-002,
3.843942072189731E+008,5.449623935006824E-001,-4.504205293192719E-002,5.449623935006824E-001,-4.504205293192719E-002,
3.924401210072396E+008,5.448219766516178E-001,-4.587381755198048E-002,5.448219766516178E-001,-4.587381755198048E-002,
4.006544471375042E+008,5.446454282785197E-001,-4.676753922834303E-002,5.446454282785197E-001,-4.676753922834303E-002,
4.090407107179998E+008,5.445018749581361E-001,-4.767771431899468E-002,5.445018749581361E-001,-4.767771431899468E-002,
4.176025106424546E+008,5.444034771652688E-001,-4.870529431212789E-002,5.444034771652688E-001,-4.870529431212789E-002,
4.263435211345269E+008,5.442007560660442E-001,-4.973086670214588E-002,5.442007560660442E-001,-4.973086670214588E-002,
4.352674933245664E+008,5.440225135030967E-001,-5.072284323843580E-002,5.440225135030967E-001,-5.072284323843580E-002,
4.443782568593804E+008,5.438348626823314E-001,-5.178559568528587E-002,5.438348626823314E-001,-5.178559568528587E-002,
4.536797215456938E+008,5.436945472057250E-001,-5.284089339573145E-002,5.436945472057250E-001,-5.284089339573145E-002,
4.631758790280099E+008,5.435931831184580E-001,-5.387713515572765E-002,5.435931831184580E-001,-5.387713515572765E-002,
4.728708045015902E+008,5.434816875509578E-001,-5.501033181089284E-002,5.434816875509578E-001,-5.501033181089284E-002,
4.827686584612901E+008,5.433184775477640E-001,-5.613276443330491E-002,5.433184775477640E-001,-5.613276443330491E-002,
4.928736884869999E+008,5.433414324082460E-001,-5.725810648261939E-002,5.433414324082460E-001,-5.725810648261939E-002,
5.031902310664573E+008,5.433037508054882E-001,-5.838756045523028E-002,5.433037508054882E-001,-5.838756045523028E-002,
5.137227134562149E+008,5.431485821956084E-001,-5.954549178163190E-002,5.431485821956084E-001,-5.954549178163190E-002,
5.244756555815587E+008,5.428843208860705E-001,-6.069803583881446E-002,5.428843208860705E-001,-6.069803583881446E-002,
5.354536719761968E+008,5.427286754552591E-001,-6.182178868394718E-002,5.427286754552591E-001,-6.182178868394718E-002,
5.466614737625463E+008,5.425553149276963E-001,-6.297682985273195E-002,5.425553149276963E-001,-6.297682985273195E-002,
5.581038706734722E+008,5.423426514552318E-001,-6.420766169253436E-002,5.423426514552318E-001,-6.420766169253436E-002,
5.697857731163427E+008,5.422019721566955E-001,-6.542793749555509E-002,5.422019721566955E-001,-6.542793749555509E-002,
5.817121942802894E+008,5.420533579481198E-001,-6.673578323234557E-002,5.420533579481198E-001,-6.673578323234557E-002,
5.938882522875744E+008,5.416495334107920E-001,-6.820818973978143E-002,5.416495334107920E-001,-6.820818973978143E-002,
6.063191723899891E+008,5.412371301847064E-001,-6.946915731548106E-002,5.412371301847064E-001,-6.946915731548106E-002,
6.190102892112266E+008,5.408890595922999E-001,-7.082862479979930E-002,5.408890595922999E-001,-7.082862479979930E-002,
6.319670490361900E+008,5.405891480720797E-001,-7.232233418006109E-002,5.405891480720797E-001,-7.232233418006109E-002,
6.451950121482195E+008,5.403662414845432E-001,-7.390225920994818E-002,5.403662414845432E-001,-7.390225920994818E-002,
6.586998552152404E+008,5.402307248249276E-001,-7.568327563326531E-002,5.402307248249276E-001,-7.568327563326531E-002,
6.724873737258571E+008,5.400099054736307E-001,-7.706860406345023E-002,5.400099054736307E-001,-7.706860406345023E-002,
6.865634844764381E+008,5.396594413707402E-001,-7.844662306685508E-002,5.396594413707402E-001,-7.844662306685508E-002,
7.009342281102579E+008,5.394184183947086E-001,-7.998855016904616E-002,5.394184183947086E-001,-7.998855016904616E-002,
7.156057717097888E+008,5.391983696352168E-001,-8.154296922666134E-002,5.391983696352168E-001,-8.154296922666134E-002,
7.305844114432513E+008,5.390634013688002E-001,-8.324702892818273E-002,5.390634013688002E-001,-8.324702892818273E-002,
7.458765752665610E+008,5.387298324361338E-001,-8.502351938485990E-002,5.387298324361338E-001,-8.502351938485990E-002,
7.614888256818322E+008,5.379304765046538E-001,-8.662326788633583E-002,5.379304765046538E-001,-8.662326788633583E-002,
7.774278625536187E+008,5.373593747267361E-001,-8.807509804674538E-002,5.373593747267361E-001,-8.807509804674538E-002,
7.937005259841044E+008,5.368534072375228E-001,-8.991890118823737E-002,5.368534072375228E-001,-8.991890118823737E-002,
8.103137992484750E+008,5.364456416275202E-001,-9.188729949228745E-002,5.364456416275202E-001,-9.188729949228745E-002,
8.272748117917309E+008,5.361470631533083E-001,-9.389214185647815E-002,5.361470631533083E-001,-9.389214185647815E-002,
8.445908422882283E+008,5.356092709304907E-001,-9.593866477740684E-002,5.356092709304907E-001,-9.593866477740684E-002,
8.622693217652600E+008,5.352395090941530E-001,-9.771405203394656E-002,5.352395090941530E-001,-9.771405203394656E-002,
8.803178367920179E+008,5.349383129154128E-001,-9.956239102364684E-002,5.349383129154128E-001,-9.956239102364684E-002,
8.987441327353046E+008,5.346608315861765E-001,-1.015118246044489E-001,5.346608315861765E-001,-1.015118246044489E-001,
9.175561170833916E+008,5.339207315480014E-001,-1.033869827354638E-001,5.339207315480014E-001,-1.033869827354638E-001,
9.367618628394508E+008,5.331083489900470E-001,-1.052399128559562E-001,5.331083489900470E-001,-1.052399128559562E-001,
9.563696119860154E+008,5.323083259772125E-001,-1.074242192477118E-001,5.323083259772125E-001,-1.074242192477118E-001,
9.763877790219561E+008,5.317153074941556E-001,-1.097870916616316E-001,5.317153074941556E-001,-1.097870916616316E-001,
9.968249545734922E+008,5.308565965400512E-001,-1.121451266925734E-001,5.308565965400512E-001,-1.121451266925734E-001,
1.017689909080786E+009,5.301563698251780E-001,-1.143032444884439E-001,5.301563698251780E-001,-1.143032444884439E-001,
1.038991596561701E+009,5.297008957934778E-001,-1.167856439503308E-001,5.297008957934778E-001,-1.167856439503308E-001,
1.060739158454346E+009,5.294465587910429E-001,-1.191248252396286E-001,5.294465587910429E-001,-1.191248252396286E-001,
1.082941927540042E+009,5.282915399553965E-001,-1.211108486734201E-001,5.282915399553965E-001,-1.211108486734201E-001,
1.105609431948408E+009,5.273511609051420E-001,-1.232157029907296E-001,5.273511609051420E-001,-1.232157029907296E-001,
1.128751399246275E+009,5.264010498719657E-001,-1.258311524983528E-001,5.264010498719657E-001,-1.258311524983528E-001,
1.152377760612193E+009,5.253434642931077E-001,-1.284020856654813E-001,5.253434642931077E-001,-1.284020856654813E-001,
1.176498655098304E+009,5.242279296696548E-001,-1.309962158146515E-001,5.242279296696548E-001,-1.309962158146515E-001,
1.201124433981439E+009,5.235345829579767E-001,-1.339172385777759E-001,5.235345829579767E-001,-1.339172385777759E-001,
1.226265665205275E+009,5.229116680436128E-001,-1.365732300249665E-001,5.229116680436128E-001,-1.365732300249665E-001,
1.251933137915478E+009,5.216336487520784E-001,-1.387155500991303E-001,5.216336487520784E-001,-1.387155500991303E-001,
1.278137867089775E+009,5.204853579346822E-001,-1.412367163800161E-001,5.204853579346822E-001,-1.412367163800161E-001,
1.304891098264939E+009,5.191739679355220E-001,-1.439472749937859E-001,5.191739679355220E-001,-1.439472749937859E-001,
1.332204312362714E+009,5.176567102415330E-001,-1.465781801461581E-001,5.176567102415330E-001,-1.465781801461581E-001,
1.360089230616753E+009,5.164631411651418E-001,-1.499562809036153E-001,5.164631411651418E-001,-1.499562809036153E-001,
1.388557819602690E+009,5.155674371921681E-001,-1.531222900324379E-001,5.155674371921681E-001,-1.531222900324379E-001,
1.417622296373492E+009,5.141645723466688E-001,-1.557920450135451E-001,5.141645723466688E-001,-1.557920450135451E-001,
1.447295133702302E+009,5.129093142771626E-001,-1.586588917261596E-001,5.129093142771626E-001,-1.586588917261596E-001,
1.477589065435027E+009,5.114046913402568E-001,-1.613180402545358E-001,5.114046913402568E-001,-1.613180402545358E-001,
1.508517091954956E+009,5.094784931219278E-001,-1.644543774463061E-001,5.094784931219278E-001,-1.644543774463061E-001,
1.540092485761767E+009,5.081119351829633E-001,-1.683407545671506E-001,5.081119351829633E-001,-1.683407545671506E-001,
1.572328797167307E+009,5.064233138343659E-001,-1.714009497814458E-001,5.064233138343659E-001,-1.714009497814458E-001,
1.605239860110590E+009,5.051768978590547E-001,-1.747661368384306E-001,5.051768978590547E-001,-1.747661368384306E-001,
1.638839798094518E+009,5.032532721698844E-001,-1.774517283664898E-001,5.032532721698844E-001,-1.774517283664898E-001,
1.673143030246862E+009,5.010965436993877E-001,-1.807703118682040E-001,5.010965436993877E-001,-1.807703118682040E-001,
1.708164277508106E+009,4.990848307433551E-001,-1.845421745420764E-001,4.990848307433551E-001,-1.845421745420764E-001,
1.743918568948813E+009,4.971501979650550E-001,-1.881445144250694E-001,4.971501979650550E-001,-1.881445144250694E-001,
1.780421248219227E+009,4.957574493779287E-001,-1.917606410548262E-001,4.957574493779287E-001,-1.917606410548262E-001,
1.817687980133866E+009,4.933664051507351E-001,-1.946239278130037E-001,4.933664051507351E-001,-1.946239278130037E-001,
1.855734757393946E+009,4.908264157789073E-001,-1.982248564348247E-001,4.908264157789073E-001,-1.982248564348247E-001,
1.894577907450513E+009,4.881448119181776E-001,-2.019068294829297E-001,4.881448119181776E-001,-2.019068294829297E-001,
1.934234099511226E+009,4.862824767478912E-001,-2.065740048838214E-001,4.862824767478912E-001,-2.065740048838214E-001,
1.974720351693812E+009,4.840265849402594E-001,-2.095220814923100E-001,4.840265849402594E-001,-2.095220814923100E-001,
2.016054038329243E+009,4.814943179353876E-001,-2.133408031167892E-001,4.814943179353876E-001,-2.133408031167892E-001,
2.058252897417781E+009,4.782984359032415E-001,-2.168834758685808E-001,4.782984359032415E-001,-2.168834758685808E-001,
2.101335038241093E+009,4.754686201257679E-001,-2.215218897699040E-001,4.754686201257679E-001,-2.215218897699040E-001,
2.145318949133695E+009,4.729901878695169E-001,-2.252516763802101E-001,4.729901878695169E-001,-2.252516763802101E-001,
2.190223505417061E+009,4.701164982573648E-001,-2.287221119538174E-001,4.701164982573648E-001,-2.287221119538174E-001,
2.236067977499810E+009,4.664836773809873E-001,-2.326682650935632E-001,4.664836773809873E-001,-2.326682650935632E-001,
2.282872039147435E+009,4.634780919889804E-001,-2.371241916132874E-001,4.634780919889804E-001,-2.371241916132874E-001,
2.330655775925136E+009,4.607024102871796E-001,-2.413142950089762E-001,4.607024102871796E-001,-2.413142950089762E-001,
2.379439693817366E+009,4.572771428400448E-001,-2.447225147570770E-001,4.572771428400448E-001,-2.447225147570770E-001,
2.429244728027800E+009,4.533703945621137E-001,-2.489503226184565E-001,4.533703945621137E-001,-2.489503226184565E-001,
2.480092251963504E+009,4.499033748601986E-001,-2.538140842663355E-001,4.499033748601986E-001,-2.538140842663355E-001,
2.532004086407146E+009,4.467692094113399E-001,-2.577218412508041E-001,4.467692094113399E-001,-2.577218412508041E-001,
2.585002508881200E+009,4.427231660568615E-001,-2.616641618533727E-001,4.427231660568615E-001,-2.616641618533727E-001,
2.639110263208160E+009,4.383769504564254E-001,-2.666796754310094E-001,4.383769504564254E-001,-2.666796754310094E-001,
2.694350569270853E+009,4.349638239255367E-001,-2.709101902901127E-001,4.349638239255367E-001,-2.709101902901127E-001,
2.750747132977056E+009,4.307747585955344E-001,-2.744810968438912E-001,4.307747585955344E-001,-2.744810968438912E-001,
2.808324156432685E+009,4.259563923536762E-001,-2.795664328337025E-001,4.259563923536762E-001,-2.795664328337025E-001,
2.867106348327923E+009,4.219202701729423E-001,-2.842059965725038E-001,4.219202701729423E-001,-2.842059965725038E-001,
2.927118934540746E+009,4.176245040253510E-001,-2.878814368759181E-001,4.176245040253510E-001,-2.878814368759181E-001,
2.988387668962389E+009,4.124588810735542E-001,-2.928444832011603E-001,4.124588810735542E-001,-2.928444832011603E-001,
3.050938844549417E+009,4.079769911915765E-001,-2.974501594501982E-001,4.079769911915765E-001,-2.974501594501982E-001,
3.114799304607116E+009,4.030184033276598E-001,-3.013455435781167E-001,4.030184033276598E-001,-3.013455435781167E-001,
3.179996454309075E+009,3.975464289172033E-001,-3.064559540738885E-001,3.975464289172033E-001,-3.064559540738885E-001,
3.246558272457882E+009,3.929905195325610E-001,-3.107423317687590E-001,3.929905195325610E-001,-3.107423317687590E-001,
3.314513323491987E+009,3.873748562657470E-001,-3.148262968651415E-001,3.873748562657470E-001,-3.148262968651415E-001,
3.383890769743891E+009,3.820679619277638E-001,-3.199709709837139E-001,3.820679619277638E-001,-3.199709709837139E-001,
3.454720383954909E+009,3.767519847894059E-001,-3.236350771345308E-001,3.767519847894059E-001,-3.236350771345308E-001,
3.527032562051896E+009,3.698901696426509E-001,-3.285460524190576E-001,3.698901696426509E-001,-3.285460524190576E-001,
3.600858336191391E+009,3.646010066867517E-001,-3.333649093669228E-001,3.646010066867517E-001,-3.333649093669228E-001,
3.676229388076813E+009,3.582200034049844E-001,-3.371862598417736E-001,3.582200034049844E-001,-3.371862598417736E-001,
3.753178062554387E+009,3.519705577838753E-001,-3.425954550682445E-001,3.519705577838753E-001,-3.425954550682445E-001,
3.831737381493663E+009,3.458750918861557E-001,-3.461277709352337E-001,3.458750918861557E-001,-3.461277709352337E-001,
3.911941057958573E+009,3.389710744373730E-001,-3.512939256471065E-001,3.389710744373730E-001,-3.512939256471065E-001,
3.993823510675101E+009,3.330479907585582E-001,-3.549727961977075E-001,3.330479907585582E-001,-3.549727961977075E-001,
4.077419878801790E+009,3.252581029221485E-001,-3.595755179826893E-001,3.252581029221485E-001,-3.595755179826893E-001,
4.162766037009410E+009,3.189690756303697E-001,-3.637903089870442E-001,3.189690756303697E-001,-3.637903089870442E-001,
4.249898610876274E+009,3.111939240463991E-001,-3.679470810323166E-001,3.111939240463991E-001,-3.679470810323166E-001,
4.338854992605786E+009,3.046771751953498E-001,-3.720202730603394E-001,3.046771751953498E-001,-3.720202730603394E-001,
4.429673357072994E+009,2.961128082323344E-001,-3.762063212678650E-001,2.961128082323344E-001,-3.762063212678650E-001,
4.522392678207007E+009,2.897352536492548E-001,-3.803047997766698E-001,2.897352536492548E-001,-3.803047997766698E-001,
4.617052745716332E+009,2.810955962104543E-001,-3.843164989580221E-001,2.810955962104543E-001,-3.843164989580221E-001,
4.713694182164284E+009,2.739395470144078E-001,-3.878406448623720E-001,2.739395470144078E-001,-3.878406448623720E-001,
4.812358460401814E+009,2.652009875545954E-001,-3.922123150575063E-001,2.652009875545954E-001,-3.922123150575063E-001,
4.913087921365233E+009,2.574375701078410E-001,-3.951959997124204E-001,2.574375701078410E-001,-3.951959997124204E-001,
5.015925792246465E+009,2.489946380019682E-001,-3.996821149119497E-001,2.489946380019682E-001,-3.996821149119497E-001,
5.120916205043626E+009,2.405996885679159E-001,-4.023404950129974E-001,2.405996885679159E-001,-4.023404950129974E-001,
5.228104215499899E+009,2.323813880334058E-001,-4.061941138788056E-001,2.323813880334058E-001,-4.061941138788056E-001,
5.337535822438821E+009,2.231329181350572E-001,-4.095433568097908E-001,2.231329181350572E-001,-4.095433568097908E-001,
5.449257987504287E+009,2.149264893981416E-001,-4.123770344320384E-001,2.149264893981416E-001,-4.123770344320384E-001,
5.563318655313743E+009,2.062379379650055E-001,-4.161740107181592E-001,2.062379379650055E-001,-4.161740107181592E-001,
5.679766774033207E+009,1.972841000173120E-001,-4.183848326445399E-001,1.972841000173120E-001,-4.183848326445399E-001,
5.798652316382962E+009,1.885686085037081E-001,-4.210126581979962E-001,1.885686085037081E-001,-4.210126581979962E-001,
5.920026301082923E+009,1.793380403055532E-001,-4.242167508966373E-001,1.793380403055532E-001,-4.242167508966373E-001,
6.043940814746885E+009,1.700164583629116E-001,-4.260594643393210E-001,1.700164583629116E-001,-4.260594643393210E-001,
6.170449034235055E+009,1.613861056492373E-001,-4.279785427266258E-001,1.613861056492373E-001,-4.279785427266258E-001,
6.299605249474443E+009,1.523495025932419E-001,-4.307771325987005E-001,1.523495025932419E-001,-4.307771325987005E-001,
6.431464886756929E+009,1.423817188013598E-001,-4.324507115612651E-001,1.423817188013598E-001,-4.324507115612651E-001,
6.566084532524983E+009,1.330805050261761E-001,-4.340122394633558E-001,1.330805050261761E-001,-4.340122394633558E-001,
6.703521957655251E+009,1.240553546357504E-001,-4.352211116658453E-001,1.240553546357504E-001,-4.352211116658453E-001,
6.843836142250444E+009,1.146854780338595E-001,-4.370053687780516E-001,1.146854780338595E-001,-4.370053687780516E-001,
6.987087300950141E+009,1.048633083942790E-001,-4.382872896381230E-001,1.048633083942790E-001,-4.382872896381230E-001,
7.133336908771395E+009,9.534530272756424E-002,-4.388467769836946E-001,9.534530272756424E-002,-4.388467769836946E-001,
7.282647727490209E+009,8.609445960743255E-002,-4.391855491131467E-001,8.609445960743255E-002,-4.391855491131467E-001,
7.435083832575221E+009,7.692398739135420E-002,-4.392802550115200E-001,7.692398739135420E-002,-4.392802550115200E-001,
7.590710640685147E+009,6.815852886395959E-002,-4.398025964852028E-001,6.815852886395959E-002,-4.398025964852028E-001,
7.749594937741785E+009,5.890535352989474E-002,-4.394778227442633E-001,5.890535352989474E-002,-4.394778227442633E-001,
7.911804907590622E+009,5.003156681414120E-002,-4.394574014524855E-001,5.003156681414120E-002,-4.394574014524855E-001,
8.077410161261354E+009,4.059619163226513E-002,-4.389138875102374E-001,4.059619163226513E-002,-4.389138875102374E-001,
8.246481766840870E+009,3.189439935834425E-002,-4.381140298392908E-001,3.189439935834425E-002,-4.381140298392908E-001,
8.419092279971513E+009,2.294704078925940E-002,-4.371658313429566E-001,2.294704078925940E-002,-4.371658313429566E-001,
8.595315774987719E+009,1.432629356518409E-002,-4.357068286162958E-001,1.432629356518409E-002,-4.357068286162958E-001,
8.775227876704388E+009,5.628316895713914E-003,-4.340679081542528E-001,5.628316895713914E-003,-4.340679081542528E-001,
8.958905792870632E+009,-2.641309174447627E-003,-4.319742652447179E-001,-2.641309174447627E-003,-4.319742652447179E-001,
9.146428347302822E+009,-1.072807590612374E-002,-4.291403838804090E-001,-1.072807590612374E-002,-4.291403838804090E-001,
9.337876013711161E+009,-1.914854429050648E-002,-4.275184304153750E-001,-1.914854429050648E-002,-4.275184304153750E-001,
9.533330950234287E+009,-2.710782072068203E-002,-4.237570095861815E-001,-2.710782072068203E-002,-4.237570095861815E-001,
9.732877034696749E+009,-3.500119197555671E-002,-4.204679827345156E-001,-3.500119197555671E-002,-4.204679827345156E-001,
9.936599900604454E+009,-4.340208153675368E-002,-4.170929299074412E-001,-4.340208153675368E-002,-4.170929299074412E-001,
1.014458697389356E+010,-5.141320386036433E-002,-4.136923497098647E-001,-5.141320386036433E-002,-4.136923497098647E-001,
1.035692751044859E+010,-5.965827533689314E-002,-4.106058107895283E-001,-5.965827533689314E-002,-4.106058107895283E-001,
1.057371263440579E+010,-6.630391968218380E-002,-4.072297726807038E-001,-6.630391968218380E-002,-4.072297726807038E-001,
1.079503537725833E+010,-7.365859141136179E-002,-4.030294358135719E-001,-7.365859141136179E-002,-4.030294358135719E-001,
1.102099071777997E+010,-8.021072317619848E-002,-3.982959940482341E-001,-8.021072317619848E-002,-3.982959940482341E-001,
1.125167562278435E+010,-8.783181206020102E-002,-3.938683113810372E-001,-8.783181206020102E-002,-3.938683113810372E-001,
1.148718908873753E+010,-9.562226068613147E-002,-3.898249420839433E-001,-9.562226068613147E-002,-3.898249420839433E-001,
1.172763218424143E+010,-1.025792831229425E-001,-3.840105276302162E-001,-1.025792831229425E-001,-3.840105276302162E-001,
1.197310809340661E+010,-1.111107549564539E-001,-3.802274400178092E-001,-1.111107549564539E-001,-3.802274400178092E-001,
1.222372216013282E+010,-1.167835271283910E-001,-3.750703390778368E-001,-1.167835271283910E-001,-3.750703390778368E-001,
1.247958193331646E+010,-1.254728538224723E-001,-3.692865971555562E-001,-1.254728538224723E-001,-3.692865971555562E-001,
1.274079721300426E+010,-1.324001895273924E-001,-3.664719426601796E-001,-1.324001895273924E-001,-3.664719426601796E-001,
1.300748009751303E+010,-1.400860846268518E-001,-3.601410628478034E-001,-1.400860846268518E-001,-3.601410628478034E-001,
1.327974503153573E+010,-1.479070111969488E-001,-3.561937951031152E-001,-1.479070111969488E-001,-3.561937951031152E-001,
1.355770885525442E+010,-1.554002699452978E-001,-3.509120132899479E-001,-1.554002699452978E-001,-3.509120132899479E-001,
1.384149085448120E+010,-1.621304666939429E-001,-3.466631709288884E-001,-1.621304666939429E-001,-3.466631709288884E-001,
1.413121281184877E+010,-1.707351032568910E-001,-3.427784958088918E-001,-1.707351032568910E-001,-3.427784958088918E-001,
1.442699905907235E+010,-1.784497917096495E-001,-3.373494116419554E-001,-1.784497917096495E-001,-3.373494116419554E-001,
1.472897653030561E+010,-1.851378406342220E-001,-3.338088227356706E-001,-1.851378406342220E-001,-3.338088227356706E-001,
1.503727481661337E+010,-1.933870881744307E-001,-3.300952727211560E-001,-1.933870881744307E-001,-3.300952727211560E-001,
1.535202622158452E+010,-2.015979175310709E-001,-3.246456855499081E-001,-2.015979175310709E-001,-3.246456855499081E-001,
1.567336581810895E+010,-2.088290095241910E-001,-3.204761802034092E-001,-2.088290095241910E-001,-3.204761802034092E-001,
1.600143150634299E+010,-2.159612446687017E-001,-3.173280881757868E-001,-2.159612446687017E-001,-3.173280881757868E-001,
1.633636407288800E+010,-2.236366016746941E-001,-3.136094532175870E-001,-2.236366016746941E-001,-3.136094532175870E-001,
1.667830725120785E+010,-2.313855972420930E-001,-3.105868358138442E-001,-2.313855972420930E-001,-3.105868358138442E-001,
1.702740778331081E+010,-2.387840276791523E-001,-3.075095780216072E-001,-2.387840276791523E-001,-3.075095780216072E-001,
1.738381548272271E+010,-2.451451282523232E-001,-3.031656804125859E-001,-2.451451282523232E-001,-3.031656804125859E-001,
1.774768329877812E+010,-2.520439398794192E-001,-2.991724988839978E-001,-2.520439398794192E-001,-2.991724988839978E-001,
1.811916738225725E+010,-2.580160736018435E-001,-2.948473028315823E-001,-2.580160736018435E-001,-2.948473028315823E-001,
1.849842715239673E+010,-2.625786171963985E-001,-2.912696580131551E-001,-2.625786171963985E-001,-2.912696580131551E-001,
1.888562536530301E+010,-2.678933198198872E-001,-2.861454552093445E-001,-2.678933198198872E-001,-2.861454552093445E-001,
1.928092818379779E+010,-2.736904506343985E-001,-2.806945639980250E-001,-2.736904506343985E-001,-2.806945639980250E-001,
1.968450524872536E+010,-2.788888081423613E-001,-2.765950650300915E-001,-2.788888081423613E-001,-2.765950650300915E-001,
2.009652975175254E+010,-2.806838185302171E-001,-2.741047851691953E-001,-2.806838185302171E-001,-2.741047851691953E-001,
2.051717850969239E+010,-2.830330651112357E-001,-2.672998870512526E-001,-2.830330651112357E-001,-2.672998870512526E-001,
2.094663204038366E+010,-2.880735738993729E-001,-2.631287933330375E-001,-2.880735738993729E-001,-2.631287933330375E-001,
2.138507464015848E+010,-2.878515107446366E-001,-2.581579927886776E-001,-2.878515107446366E-001,-2.581579927886776E-001,
2.183269446293157E+010,-2.932153296566388E-001,-2.530726537169638E-001,-2.932153296566388E-001,-2.530726537169638E-001,
2.228968360094489E+010,-2.949914935845971E-001,-2.500841749395507E-001,-2.949914935845971E-001,-2.500841749395507E-001,
2.275623816720238E+010,-2.987147040037451E-001,-2.443047833980682E-001,-2.987147040037451E-001,-2.443047833980682E-001,
2.323255837963022E+010,-3.002957899702030E-001,-2.405119939346018E-001,-3.002957899702030E-001,-2.405119939346018E-001,
2.371884864699861E+010,-3.055758192748834E-001,-2.377845157247666E-001,-3.055758192748834E-001,-2.377845157247666E-001,
2.421531765664209E+010,-3.103325663366611E-001,-2.367137410590723E-001,-3.103325663366611E-001,-2.367137410590723E-001,
2.472217846401591E+010,-3.141784221336074E-001,-2.339741997586031E-001,-3.141784221336074E-001,-2.339741997586031E-001,
2.523964858412701E+010,-3.220289962189749E-001,-2.338276276609522E-001,-3.220289962189749E-001,-2.338276276609522E-001,
2.576795008487867E+010,-3.285753532041096E-001,-2.328644398965654E-001,-3.285753532041096E-001,-2.328644398965654E-001,
2.630730968236913E+010,-3.336187449214067E-001,-2.327279822611058E-001,-3.336187449214067E-001,-2.327279822611058E-001,
2.685795883818483E+010,-3.379168662571950E-001,-2.386916564560525E-001,-3.379168662571950E-001,-2.386916564560525E-001,
2.742013385873019E+010,-3.409670595774225E-001,-2.458320187122772E-001,-3.409670595774225E-001,-2.458320187122772E-001,
2.799407599663654E+010,-3.419437191719121E-001,-2.501489859832883E-001,-3.419437191719121E-001,-2.501489859832883E-001,
2.858003155429355E+010,-3.454873298823694E-001,-2.521123196183233E-001,-3.454873298823694E-001,-2.521123196183233E-001,
2.917825198954789E+010,-3.475192733965439E-001,-2.632098541533017E-001,-3.475192733965439E-001,-2.632098541533017E-001,
2.978899402361419E+010,-3.403627836879261E-001,-2.725165675146354E-001,-3.403627836879261E-001,-2.725165675146354E-001,
3.041251975124476E+010,-3.391960692211921E-001,-2.714874785368688E-001,-3.391960692211921E-001,-2.714874785368688E-001,
3.104909675320535E+010,-3.307584187486963E-001,-2.764782838598694E-001,-3.307584187486963E-001,-2.764782838598694E-001,
3.169899821110511E+010,-3.257910676801687E-001,-2.787721968743672E-001,-3.257910676801687E-001,-2.787721968743672E-001,
3.236250302463025E+010,-3.113252626078532E-001,-2.790635158105829E-001,-3.113252626078532E-001,-2.790635158105829E-001,
3.303989593123136E+010,-3.005479194179382E-001,-2.777934319954216E-001,-3.005479194179382E-001,-2.777934319954216E-001,
3.373146762831615E+010,-2.882525821765002E-001,-2.755849158616688E-001,-2.882525821765002E-001,-2.755849158616688E-001,
3.443751489799971E+010,-2.798580768767577E-001,-2.661093324182661E-001,-2.798580768767577E-001,-2.661093324182661E-001,
3.515834073446610E+010,-2.706521208763553E-001,-2.606391611596108E-001,-2.706521208763553E-001,-2.606391611596108E-001,
3.589425447399565E+010,-2.669042354326017E-001,-2.510564479138399E-001,-2.669042354326017E-001,-2.510564479138399E-001,
3.664557192771407E+010,-2.543728497343945E-001,-2.433234979142741E-001,-2.543728497343945E-001,-2.433234979142741E-001,
3.741261551712006E+010,-2.593078084672299E-001,-2.326972131687504E-001,-2.593078084672299E-001,-2.326972131687504E-001,
3.819571441244975E+010,-2.559815404830774E-001,-2.353676505559059E-001,-2.559815404830774E-001,-2.353676505559059E-001,
3.899520467393736E+010,-2.570528601318260E-001,-2.269102046437014E-001,-2.570528601318260E-001,-2.269102046437014E-001,
3.981142939603255E+010,-2.587682071745175E-001,-2.290053775536231E-001,-2.587682071745175E-001,-2.290053775536231E-001,
4.064473885463650E+010,-2.580311265413205E-001,-2.249228548656142E-001,-2.580311265413205E-001,-2.249228548656142E-001,
4.149549065741983E+010,-2.507666851219692E-001,-2.272063914782535E-001,-2.507666851219692E-001,-2.272063914782535E-001,
4.236404989728691E+010,-2.406536810432022E-001,-2.300073092722662E-001,-2.406536810432022E-001,-2.300073092722662E-001,
4.325078930905235E+010,-2.301786533029323E-001,-2.274105110496018E-001,-2.301786533029323E-001,-2.274105110496018E-001,
4.415608942939697E+010,-2.175413829082908E-001,-2.226879231502789E-001,-2.175413829082908E-001,-2.226879231502789E-001,
4.508033876017195E+010,-2.033873355408887E-001,-2.051411889899091E-001,-2.033873355408887E-001,-2.051411889899091E-001,
4.602393393512102E+010,-1.940727915953307E-001,-1.782579611829814E-001,-1.940727915953307E-001,-1.782579611829814E-001,
4.698727989009248E+010,-1.893546189210533E-001,-1.612034581874372E-001,-1.893546189210533E-001,-1.612034581874372E-001,
4.797079003681400E+010,-1.866403297749202E-001,-1.273928065171548E-001,-1.866403297749202E-001,-1.273928065171548E-001,
4.897488644030473E+010,-1.928106667201827E-001,-1.035694170052944E-001,-1.928106667201827E-001,-1.035694170052944E-001,
5.000000000000000E+010,-2.095822155284836E-001,-7.097926176231748E-002,-2.095822155284836E-001,-7.097926176231748E-002,
