% Version 1.00
%
%freq[Hz],re:Trc1_S11,im:Trc1_S11,re:Trc2_S11,im:Trc2_S11,
1.000000000000000E+008,7.455905943544916E-002,-7.906437196611334E-003,7.455905943544916E-002,-7.906437196611334E-003,
1.020931412693436E+008,7.437824153919218E-002,-7.898314878242638E-003,7.437824153919218E-002,-7.898314878242638E-003,
1.042300949424215E+008,7.422950402500800E-002,-7.912916282828584E-003,7.422950402500800E-002,-7.912916282828584E-003,
1.064117780747374E+008,7.420470151158268E-002,-7.870192326952675E-003,7.420470151158268E-002,-7.870192326952675E-003,
1.086391269170620E+008,7.409634107803688E-002,-7.906309614005432E-003,7.409634107803688E-002,-7.906309614005432E-003,
1.109130973172177E+008,7.402004912179259E-002,-7.920906204692942E-003,7.402004912179259E-002,-7.920906204692942E-003,
1.132346651302716E+008,7.394546153404592E-002,-7.942827357458659E-003,7.394546153404592E-002,-7.942827357458659E-003,
1.156048266373163E+008,7.392811547853356E-002,-7.944158212063290E-003,7.392811547853356E-002,-7.944158212063290E-003,
1.180245989730151E+008,7.386690222650395E-002,-7.907959059385470E-003,7.386690222650395E-002,-7.907959059385470E-003,
1.204950205620966E+008,7.384405923378795E-002,-7.973768037137438E-003,7.384405923378795E-002,-7.973768037137438E-003,
1.230171515649859E+008,7.378668302538595E-002,-7.962254649681880E-003,7.378668302538595E-002,-7.962254649681880E-003,
1.255920743327636E+008,7.380798030554964E-002,-8.007470861999927E-003,7.380798030554964E-002,-8.007470861999927E-003,
1.282208938716474E+008,7.375119669927879E-002,-7.994100002814928E-003,7.375119669927879E-002,-7.994100002814928E-003,
1.309047383171961E+008,7.370071928332030E-002,-8.061705928896591E-003,7.370071928332030E-002,-8.061705928896591E-003,
1.336447594184396E+008,7.370806924021973E-002,-8.057712621665896E-003,7.370806924021973E-002,-8.057712621665896E-003,
1.364421330321420E+008,7.367026008873095E-002,-8.122277331727516E-003,7.367026008873095E-002,-8.122277331727516E-003,
1.392980596274105E+008,7.368793807318866E-002,-8.092425458461292E-003,7.368793807318866E-002,-8.092425458461292E-003,
1.422137648008667E+008,7.368351561800897E-002,-8.121741637910426E-003,7.368351561800897E-002,-8.121741637910426E-003,
1.451904998026009E+008,7.365585102689651E-002,-8.153782569938399E-003,7.365585102689651E-002,-8.153782569938399E-003,
1.482295420731354E+008,7.363904647935822E-002,-8.167875853029572E-003,7.363904647935822E-002,-8.167875853029572E-003,
1.513321957916272E+008,7.361070739218752E-002,-8.177462970375313E-003,7.361070739218752E-002,-8.177462970375313E-003,
1.544997924355456E+008,7.361840958572800E-002,-8.287927367974157E-003,7.361840958572800E-002,-8.287927367974157E-003,
1.577336913520643E+008,7.359725064984253E-002,-8.308595489545234E-003,7.359725064984253E-002,-8.308595489545234E-003,
1.610352803414134E+008,7.359343737516839E-002,-8.312061233911979E-003,7.359343737516839E-002,-8.312061233911979E-003,
1.644059762524427E+008,7.354469668575900E-002,-8.337252301173291E-003,7.354469668575900E-002,-8.337252301173291E-003,
1.678472255906498E+008,7.355153245803420E-002,-8.386489343350526E-003,7.355153245803420E-002,-8.386489343350526E-003,
1.713605051389360E+008,7.351241569575179E-002,-8.424131551381695E-003,7.351241569575179E-002,-8.424131551381695E-003,
1.749473225913547E+008,7.349170180433545E-002,-8.453043447759018E-003,7.349170180433545E-002,-8.453043447759018E-003,
1.786092172001261E+008,7.344531321651415E-002,-8.484658024027812E-003,7.344531321651415E-002,-8.484658024027812E-003,
1.823477604361935E+008,7.344228824578893E-002,-8.501578754922318E-003,7.344228824578893E-002,-8.501578754922318E-003,
1.861645566636073E+008,7.337502065844158E-002,-8.559643925013016E-003,7.337502065844158E-002,-8.559643925013016E-003,
1.900612438280239E+008,7.334656798391040E-002,-8.605723667971368E-003,7.334656798391040E-002,-8.605723667971368E-003,
1.940394941596160E+008,7.330614508711100E-002,-8.667046870000909E-003,7.330614508711100E-002,-8.667046870000909E-003,
1.981010148906965E+008,7.325477964006394E-002,-8.727175125600358E-003,7.325477964006394E-002,-8.727175125600358E-003,
2.022475489883622E+008,7.320241711233849E-002,-8.791999567192746E-003,7.320241711233849E-002,-8.791999567192746E-003,
2.064808759024735E+008,7.317366788072885E-002,-8.851269943254215E-003,7.317366788072885E-002,-8.851269943254215E-003,
2.108028123292904E+008,7.310115112939841E-002,-8.914636850672505E-003,7.310115112939841E-002,-8.914636850672505E-003,
2.152152129910917E+008,7.304660527132871E-002,-8.985720654388714E-003,7.304660527132871E-002,-8.985720654388714E-003,
2.197199714321140E+008,7.300495655401096E-002,-9.089350488224589E-003,7.300495655401096E-002,-9.089350488224589E-003,
2.243190208311496E+008,7.297343052188964E-002,-9.189717750963373E-003,7.297343052188964E-002,-9.189717750963373E-003,
2.290143348311539E+008,7.292314636184330E-002,-9.308807396577917E-003,7.292314636184330E-002,-9.308807396577917E-003,
2.338079283862175E+008,7.288929633057946E-002,-9.392218949726722E-003,7.288929633057946E-002,-9.392218949726722E-003,
2.387018586262668E+008,7.281575115084135E-002,-9.539663189169378E-003,7.281575115084135E-002,-9.539663189169378E-003,
2.436982257398635E+008,7.277642477953483E-002,-9.659576773783053E-003,7.277642477953483E-002,-9.659576773783053E-003,
2.487991738754827E+008,7.273431288732188E-002,-9.800371720454722E-003,7.273431288732188E-002,-9.800371720454722E-003,
2.540068920616564E+008,7.269311883420683E-002,-9.939642713361254E-003,7.269311883420683E-002,-9.939642713361254E-003,
2.593236151463760E+008,7.266089289676481E-002,-1.006760587744553E-002,7.266089289676481E-002,-1.006760587744553E-002,
2.647516247561587E+008,7.262382302786873E-002,-1.026078918668188E-002,7.262382302786873E-002,-1.026078918668188E-002,
2.702932502751876E+008,7.259297705140978E-002,-1.040911743252150E-002,7.259297705140978E-002,-1.040911743252150E-002,
2.759508698449477E+008,7.258460258983214E-002,-1.060305896604656E-002,7.258460258983214E-002,-1.060305896604656E-002,
2.817269113847850E+008,7.257109813451894E-002,-1.078392008874110E-002,7.257109813451894E-002,-1.078392008874110E-002,
2.876238536338270E+008,7.257463326502436E-002,-1.095572455145192E-002,7.257463326502436E-002,-1.095572455145192E-002,
2.936442272147132E+008,7.257999621646552E-002,-1.115592839585411E-002,7.257999621646552E-002,-1.115592839585411E-002,
2.997906157195895E+008,7.260916637115114E-002,-1.132882423810282E-002,7.260916637115114E-002,-1.132882423810282E-002,
3.060656568188355E+008,7.263422741849056E-002,-1.147954522556683E-002,7.263422741849056E-002,-1.147954522556683E-002,
3.124720433929982E+008,7.265291413382283E-002,-1.166234151594714E-002,7.265291413382283E-002,-1.166234151594714E-002,
3.190125246884183E+008,7.269224603252114E-002,-1.178661077530291E-002,7.269224603252114E-002,-1.178661077530291E-002,
3.256899074970465E+008,7.271577152008885E-002,-1.192346079932866E-002,7.271577152008885E-002,-1.192346079932866E-002,
3.325070573609542E+008,7.269968682096528E-002,-1.212772453097187E-002,7.269968682096528E-002,-1.212772453097187E-002,
3.394668998020564E+008,7.271544915446997E-002,-1.227243370077505E-002,7.271544915446997E-002,-1.227243370077505E-002,
3.465724215775746E+008,7.270733904519164E-002,-1.240720025439482E-002,7.270733904519164E-002,-1.240720025439482E-002,
3.538266719617783E+008,7.270225008969114E-002,-1.258558743968380E-002,7.270225008969114E-002,-1.258558743968380E-002,
3.612327640545553E+008,7.268507494657581E-002,-1.271833159177599E-002,7.268507494657581E-002,-1.271833159177599E-002,
3.687938761173719E+008,7.262462239461218E-002,-1.289063433219990E-002,7.262462239461218E-002,-1.289063433219990E-002,
3.765132529371966E+008,7.258372235852464E-002,-1.305924697283325E-002,7.258372235852464E-002,-1.305924697283325E-002,
3.843942072189731E+008,7.254823887443829E-002,-1.323322188241017E-002,7.254823887443829E-002,-1.323322188241017E-002,
3.924401210072396E+008,7.249163708339194E-002,-1.338787024471481E-002,7.249163708339194E-002,-1.338787024471481E-002,
4.006544471375042E+008,7.240040058940264E-002,-1.365142197424264E-002,7.240040058940264E-002,-1.365142197424264E-002,
4.090407107179998E+008,7.233158550724450E-002,-1.389911557243868E-002,7.233158550724450E-002,-1.389911557243868E-002,
4.176025106424546E+008,7.225693928409527E-002,-1.411658082426790E-002,7.225693928409527E-002,-1.411658082426790E-002,
4.263435211345269E+008,7.219053220113389E-002,-1.441739544619704E-002,7.219053220113389E-002,-1.441739544619704E-002,
4.352674933245664E+008,7.212824830302500E-002,-1.478356137258702E-002,7.212824830302500E-002,-1.478356137258702E-002,
4.443782568593804E+008,7.207837267420923E-002,-1.509925859281160E-002,7.207837267420923E-002,-1.509925859281160E-002,
4.536797215456938E+008,7.206245510125245E-002,-1.543531076021320E-002,7.206245510125245E-002,-1.543531076021320E-002,
4.631758790280099E+008,7.207436997543285E-002,-1.576380665103622E-002,7.207436997543285E-002,-1.576380665103622E-002,
4.728708045015902E+008,7.209525587423933E-002,-1.610958786699796E-002,7.209525587423933E-002,-1.610958786699796E-002,
4.827686584612901E+008,7.213154531853497E-002,-1.644559911921653E-002,7.213154531853497E-002,-1.644559911921653E-002,
4.928736884869999E+008,7.218311119758272E-002,-1.675736450317453E-002,7.218311119758272E-002,-1.675736450317453E-002,
5.031902310664573E+008,7.222315771696553E-002,-1.708332631878360E-002,7.222315771696553E-002,-1.708332631878360E-002,
5.137227134562149E+008,7.226239255460829E-002,-1.735838176191724E-002,7.226239255460829E-002,-1.735838176191724E-002,
5.244756555815587E+008,7.228166726479181E-002,-1.762548780027368E-002,7.228166726479181E-002,-1.762548780027368E-002,
5.354536719761968E+008,7.230820307273515E-002,-1.788746844381787E-002,7.230820307273515E-002,-1.788746844381787E-002,
5.466614737625463E+008,7.227884438181836E-002,-1.815717449350045E-002,7.227884438181836E-002,-1.815717449350045E-002,
5.581038706734722E+008,7.222295759321745E-002,-1.843096610637550E-002,7.222295759321745E-002,-1.843096610637550E-002,
5.697857731163427E+008,7.214180497789996E-002,-1.873717239782833E-002,7.214180497789996E-002,-1.873717239782833E-002,
5.817121942802894E+008,7.203028415703644E-002,-1.907576955829525E-002,7.203028415703644E-002,-1.907576955829525E-002,
5.938882522875744E+008,7.191103940441987E-002,-1.942134725023546E-002,7.191103940441987E-002,-1.942134725023546E-002,
6.063191723899891E+008,7.177934624627086E-002,-1.988322273776568E-002,7.177934624627086E-002,-1.988322273776568E-002,
6.190102892112266E+008,7.169500783294680E-002,-2.033361656503771E-002,7.169500783294680E-002,-2.033361656503771E-002,
6.319670490361900E+008,7.164673721762885E-002,-2.080617832305100E-002,7.164673721762885E-002,-2.080617832305100E-002,
6.451950121482195E+008,7.162048786542163E-002,-2.130207790457116E-002,7.162048786542163E-002,-2.130207790457116E-002,
6.586998552152404E+008,7.164584481696058E-002,-2.177181267311152E-002,7.164584481696058E-002,-2.177181267311152E-002,
6.724873737258571E+008,7.163966709888892E-002,-2.226534192179872E-002,7.163966709888892E-002,-2.226534192179872E-002,
6.865634844764381E+008,7.166338112033453E-002,-2.268235399609728E-002,7.166338112033453E-002,-2.268235399609728E-002,
7.009342281102579E+008,7.166982075609467E-002,-2.308338189252808E-002,7.166982075609467E-002,-2.308338189252808E-002,
7.156057717097888E+008,7.163679137345193E-002,-2.346521799140188E-002,7.163679137345193E-002,-2.346521799140188E-002,
7.305844114432513E+008,7.157186423060613E-002,-2.380411099189091E-002,7.157186423060613E-002,-2.380411099189091E-002,
7.458765752665610E+008,7.143268284332385E-002,-2.423386436836435E-002,7.143268284332385E-002,-2.423386436836435E-002,
7.614888256818322E+008,7.122456141703651E-002,-2.469020240843882E-002,7.122456141703651E-002,-2.469020240843882E-002,
7.774278625536187E+008,7.104263104901683E-002,-2.525458511641290E-002,7.104263104901683E-002,-2.525458511641290E-002,
7.937005259841044E+008,7.086937091458237E-002,-2.584830512739716E-002,7.086937091458237E-002,-2.584830512739716E-002,
8.103137992484750E+008,7.074378962500624E-002,-2.648338846054785E-002,7.074378962500624E-002,-2.648338846054785E-002,
8.272748117917309E+008,7.069739943947316E-002,-2.713715052150509E-002,7.069739943947316E-002,-2.713715052150509E-002,
8.445908422882283E+008,7.070758074226695E-002,-2.772473771402498E-002,7.070758074226695E-002,-2.772473771402498E-002,
8.622693217652600E+008,7.071830057827029E-002,-2.827294835416454E-002,7.071830057827029E-002,-2.827294835416454E-002,
8.803178367920179E+008,7.069739472410748E-002,-2.881890442538817E-002,7.069739472410748E-002,-2.881890442538817E-002,
8.987441327353046E+008,7.061425073873925E-002,-2.928182749994981E-002,7.061425073873925E-002,-2.928182749994981E-002,
9.175561170833916E+008,7.041473057816156E-002,-2.974162517714929E-002,7.041473057816156E-002,-2.974162517714929E-002,
9.367618628394508E+008,7.015245988784769E-002,-3.027440380270555E-002,7.015245988784769E-002,-3.027440380270555E-002,
9.563696119860154E+008,6.982479477502213E-002,-3.091283752027723E-002,6.982479477502213E-002,-3.091283752027723E-002,
9.763877790219561E+008,6.953626645427521E-002,-3.166071590737389E-002,6.953626645427521E-002,-3.166071590737389E-002,
9.968249545734922E+008,6.934205598103439E-002,-3.243330206673256E-002,6.934205598103439E-002,-3.243330206673256E-002,
1.017689909080786E+009,6.920852273193122E-002,-3.328071971296573E-002,6.920852273193122E-002,-3.328071971296573E-002,
1.038991596561701E+009,6.915986332398495E-002,-3.402033878280381E-002,6.915986332398495E-002,-3.402033878280381E-002,
1.060739158454346E+009,6.912173085641035E-002,-3.467076496801451E-002,6.912173085641035E-002,-3.467076496801451E-002,
1.082941927540042E+009,6.892828068070306E-002,-3.524220458948796E-002,6.892828068070306E-002,-3.524220458948796E-002,
1.105609431948408E+009,6.867344662789147E-002,-3.584026563591242E-002,6.867344662789147E-002,-3.584026563591242E-002,
1.128751399246275E+009,6.829673768857199E-002,-3.654343499855679E-002,6.829673768857199E-002,-3.654343499855679E-002,
1.152377760612193E+009,6.791962581040899E-002,-3.738901930243181E-002,6.791962581040899E-002,-3.738901930243181E-002,
1.176498655098304E+009,6.766112286068790E-002,-3.828755363201086E-002,6.766112286068790E-002,-3.828755363201086E-002,
1.201124433981439E+009,6.751915879975871E-002,-3.921675803192516E-002,6.751915879975871E-002,-3.921675803192516E-002,
1.226265665205275E+009,6.739741176491970E-002,-4.008091179103461E-002,6.739741176491970E-002,-4.008091179103461E-002,
1.251933137915478E+009,6.721655158018400E-002,-4.074294925500079E-002,6.721655158018400E-002,-4.074294925500079E-002,
1.278137867089775E+009,6.687927867682586E-002,-4.139650819438062E-002,6.687927867682586E-002,-4.139650819438062E-002,
1.304891098264939E+009,6.638967343053737E-002,-4.217932765912717E-002,6.638967343053737E-002,-4.217932765912717E-002,
1.332204312362714E+009,6.589948097796047E-002,-4.313779486700316E-002,6.589948097796047E-002,-4.313779486700316E-002,
1.360089230616753E+009,6.551052613938092E-002,-4.424433251868851E-002,6.551052613938092E-002,-4.424433251868851E-002,
1.388557819602690E+009,6.530967920881289E-002,-4.531338518844816E-002,6.530967920881289E-002,-4.531338518844816E-002,
1.417622296373492E+009,6.515745449259228E-002,-4.611879673881032E-002,6.515745449259228E-002,-4.611879673881032E-002,
1.447295133702302E+009,6.476703311147242E-002,-4.689766519668084E-002,6.476703311147242E-002,-4.689766519668084E-002,
1.477589065435027E+009,6.418822460111305E-002,-4.776760441397553E-002,6.418822460111305E-002,-4.776760441397553E-002,
1.508517091954956E+009,6.350596003598141E-002,-4.883866461613460E-002,6.350596003598141E-002,-4.883866461613460E-002,
1.540092485761767E+009,6.301101281889400E-002,-5.013163975438054E-002,6.301101281889400E-002,-5.013163975438054E-002,
1.572328797167307E+009,6.272573794329869E-002,-5.130494385749933E-002,6.272573794329869E-002,-5.130494385749933E-002,
1.605239860110590E+009,6.246640911376405E-002,-5.226581750420023E-002,6.246640911376405E-002,-5.226581750420023E-002,
1.638839798094518E+009,6.191635009856338E-002,-5.309887086710680E-002,6.191635009856338E-002,-5.309887086710680E-002,
1.673143030246862E+009,6.113367001867159E-002,-5.415825865989393E-002,6.113367001867159E-002,-5.415825865989393E-002,
1.708164277508106E+009,6.044148825504252E-002,-5.555105494669482E-002,6.044148825504252E-002,-5.555105494669482E-002,
1.743918568948813E+009,6.009107228700776E-002,-5.693830112299690E-002,6.009107228700776E-002,-5.693830112299690E-002,
1.780421248219227E+009,5.983142775262840E-002,-5.799564521150000E-002,5.983142775262840E-002,-5.799564521150000E-002,
1.817687980133866E+009,5.917255451859435E-002,-5.880998102285333E-002,5.917255451859435E-002,-5.880998102285333E-002,
1.855734757393946E+009,5.813216314375271E-002,-5.995015768407622E-002,5.813216314375271E-002,-5.995015768407622E-002,
1.894577907450513E+009,5.727788712469094E-002,-6.155363838529404E-002,5.727788712469094E-002,-6.155363838529404E-002,
1.934234099511226E+009,5.691060391793809E-002,-6.314698988918924E-002,5.691060391793809E-002,-6.314698988918924E-002,
1.974720351693812E+009,5.654588294139590E-002,-6.413135000699850E-002,5.654588294139590E-002,-6.413135000699850E-002,
2.016054038329243E+009,5.555602245347981E-002,-6.506024896567314E-002,5.555602245347981E-002,-6.506024896567314E-002,
2.058252897417781E+009,5.432605510445399E-002,-6.655620996729084E-002,5.432605510445399E-002,-6.655620996729084E-002,
2.101335038241093E+009,5.358818837851372E-002,-6.844077732334354E-002,5.358818837851372E-002,-6.844077732334354E-002,
2.145318949133695E+009,5.328714848142230E-002,-6.974451452253305E-002,5.328714848142230E-002,-6.974451452253305E-002,
2.190223505417061E+009,5.237406337468098E-002,-7.068074259229111E-002,5.237406337468098E-002,-7.068074259229111E-002,
2.236067977499810E+009,5.101043518384225E-002,-7.213295279751283E-002,5.101043518384225E-002,-7.213295279751283E-002,
2.282872039147435E+009,5.014705148010790E-002,-7.420120172582746E-002,5.014705148010790E-002,-7.420120172582746E-002,
2.330655775925136E+009,4.973915898618220E-002,-7.555574026360604E-002,4.973915898618220E-002,-7.555574026360604E-002,
2.379439693817366E+009,4.857310926722916E-002,-7.650367469423153E-002,4.857310926722916E-002,-7.650367469423153E-002,
2.429244728027800E+009,4.699174283979938E-002,-7.826688017561514E-002,4.699174283979938E-002,-7.826688017561514E-002,
2.480092251963504E+009,4.622576129154532E-002,-8.037897923183179E-002,4.622576129154532E-002,-8.037897923183179E-002,
2.532004086407146E+009,4.558305988720367E-002,-8.158619371907645E-002,4.558305988720367E-002,-8.158619371907645E-002,
2.585002508881200E+009,4.387859105192334E-002,-8.291180917971294E-002,4.387859105192334E-002,-8.291180917971294E-002,
2.639110263208160E+009,4.248928757273407E-002,-8.523217406770220E-002,4.248928757273407E-002,-8.523217406770220E-002,
2.694350569270853E+009,4.199046433496161E-002,-8.688428282658310E-002,4.199046433496161E-002,-8.688428282658310E-002,
2.750747132977056E+009,4.047120056819130E-002,-8.790326722136402E-002,4.047120056819130E-002,-8.790326722136402E-002,
2.808324156432685E+009,3.853375615109265E-002,-9.014204425641974E-002,3.853375615109265E-002,-9.014204425641974E-002,
2.867106348327923E+009,3.781523749487420E-002,-9.225163986699622E-002,3.781523749487420E-002,-9.225163986699622E-002,
2.927118934540746E+009,3.640947504498822E-002,-9.338533975342328E-002,3.640947504498822E-002,-9.338533975342328E-002,
2.988387668962389E+009,3.435560983757043E-002,-9.559265255726812E-002,3.435560983757043E-002,-9.559265255726812E-002,
3.050938844549417E+009,3.343529512292197E-002,-9.767959132227962E-002,3.343529512292197E-002,-9.767959132227962E-002,
3.114799304607116E+009,3.166097179512566E-002,-9.902989094416861E-002,3.166097179512566E-002,-9.902989094416861E-002,
3.179996454309075E+009,2.966273582480966E-002,-1.015218916763798E-001,2.966273582480966E-002,-1.015218916763798E-001,
3.246558272457882E+009,2.858923532487042E-002,-1.034811124365720E-001,2.858923532487042E-002,-1.034811124365720E-001,
3.314513323491987E+009,2.646806791452482E-002,-1.051686130458677E-001,2.646806791452482E-002,-1.051686130458677E-001,
3.383890769743891E+009,2.490312677265986E-002,-1.077552642710804E-001,2.490312677265986E-002,-1.077552642710804E-001,
3.454720383954909E+009,2.328520826804641E-002,-1.090897731213460E-001,2.328520826804641E-002,-1.090897731213460E-001,
3.527032562051896E+009,2.055134607684529E-002,-1.115215613994396E-001,2.055134607684529E-002,-1.115215613994396E-001,
3.600858336191391E+009,1.919918133316294E-002,-1.139489138579624E-001,1.919918133316294E-002,-1.139489138579624E-001,
3.676229388076813E+009,1.685095980734449E-002,-1.158226044300333E-001,1.685095980734449E-002,-1.158226044300333E-001,
3.753178062554387E+009,1.500876616389869E-002,-1.186027096036678E-001,1.500876616389869E-002,-1.186027096036678E-001,
3.831737381493663E+009,1.285366936263717E-002,-1.202652226722063E-001,1.285366936263717E-002,-1.202652226722063E-001,
3.911941057958573E+009,1.057626314138781E-002,-1.232698243314143E-001,1.057626314138781E-002,-1.232698243314143E-001,
3.993823510675101E+009,8.752197368189647E-003,-1.248647586714261E-001,8.752197368189647E-003,-1.248647586714261E-001,
4.077419878801790E+009,5.791699915984425E-003,-1.276706785718126E-001,5.791699915984425E-003,-1.276706785718126E-001,
4.162766037009410E+009,4.006772676944796E-003,-1.298327831251890E-001,4.006772676944796E-003,-1.298327831251890E-001,
4.249898610876274E+009,1.098889526451658E-003,-1.325434513243150E-001,1.098889526451658E-003,-1.325434513243150E-001,
4.338854992605786E+009,-7.221475834311038E-004,-1.345551320476857E-001,-7.221475834311038E-004,-1.345551320476857E-001,
4.429673357072994E+009,-4.186147372675365E-003,-1.373859481221277E-001,-4.186147372675365E-003,-1.373859481221277E-001,
4.522392678207007E+009,-5.708156864565438E-003,-1.396693475101659E-001,-5.708156864565438E-003,-1.396693475101659E-001,
4.617052745716332E+009,-9.240563417785765E-003,-1.423195859301857E-001,-9.240563417785765E-003,-1.423195859301857E-001,
4.713694182164284E+009,-1.132242940275676E-002,-1.442388320765632E-001,-1.132242940275676E-002,-1.442388320765632E-001,
4.812358460401814E+009,-1.479831344777875E-002,-1.475739565343426E-001,-1.479831344777875E-002,-1.475739565343426E-001,
4.913087921365233E+009,-1.723024466108358E-002,-1.491502599457968E-001,-1.723024466108358E-002,-1.491502599457968E-001,
5.015925792246465E+009,-2.022782044097382E-002,-1.528046260793634E-001,-2.022782044097382E-002,-1.528046260793634E-001,
5.120916205043626E+009,-2.345336948782468E-002,-1.543238523783336E-001,-2.345336948782468E-002,-1.543238523783336E-001,
5.228104215499899E+009,-2.594129275972612E-002,-1.574122665623681E-001,-2.594129275972612E-002,-1.574122665623681E-001,
5.337535822438821E+009,-2.989467783072229E-002,-1.600145504322069E-001,-2.989467783072229E-002,-1.600145504322069E-001,
5.449257987504287E+009,-3.257202941017533E-002,-1.621604377567088E-001,-3.257202941017533E-002,-1.621604377567088E-001,
5.563318655313743E+009,-3.555617204886494E-002,-1.656488220645541E-001,-3.555617204886494E-002,-1.656488220645541E-001,
5.679766774033207E+009,-3.923398939402639E-002,-1.675699765817729E-001,-3.923398939402639E-002,-1.675699765817729E-001,
5.798652316382962E+009,-4.217651443253008E-002,-1.698506572547363E-001,-4.217651443253008E-002,-1.698506572547363E-001,
5.920026301082923E+009,-4.549936022376760E-002,-1.732865566267983E-001,-4.549936022376760E-002,-1.732865566267983E-001,
6.043940814746885E+009,-4.944334812431016E-002,-1.753291914513386E-001,-4.944334812431016E-002,-1.753291914513386E-001,
6.170449034235055E+009,-5.234261360189649E-002,-1.773998257849228E-001,-5.234261360189649E-002,-1.773998257849228E-001,
6.299605249474443E+009,-5.544514554297347E-002,-1.806614792081446E-001,-5.544514554297347E-002,-1.806614792081446E-001,
6.431464886756929E+009,-5.981527153766088E-002,-1.829612931686572E-001,-5.981527153766088E-002,-1.829612931686572E-001,
6.566084532524983E+009,-6.335423840959405E-002,-1.849569952134725E-001,-6.335423840959405E-002,-1.849569952134725E-001,
6.703521957655251E+009,-6.640609154139249E-002,-1.869565583075967E-001,-6.640609154139249E-002,-1.869565583075967E-001,
6.843836142250444E+009,-6.996387184212188E-002,-1.900046195859603E-001,-6.996387184212188E-002,-1.900046195859603E-001,
6.987087300950141E+009,-7.413604706834587E-002,-1.924801942026554E-001,-7.413604706834587E-002,-1.924801942026554E-001,
7.133336908771395E+009,-7.802362521531711E-002,-1.942547554085405E-001,-7.802362521531711E-002,-1.942547554085405E-001,
7.282647727490209E+009,-8.175887989286329E-002,-1.959737986321350E-001,-8.175887989286329E-002,-1.959737986321350E-001,
7.435083832575221E+009,-8.518489752343844E-002,-1.976808224867745E-001,-8.518489752343844E-002,-1.976808224867745E-001,
7.590710640685147E+009,-8.840974045246326E-002,-2.000887988222351E-001,-8.840974045246326E-002,-2.000887988222351E-001,
7.749594937741785E+009,-9.234720366141411E-002,-2.018479361292487E-001,-9.234720366141411E-002,-2.018479361292487E-001,
7.911804907590622E+009,-9.587890309610464E-002,-2.040514412017144E-001,-9.587890309610464E-002,-2.040514412017144E-001,
8.077410161261354E+009,-1.000622242707297E-001,-2.057490237629675E-001,-1.000622242707297E-001,-2.057490237629675E-001,
8.246481766840870E+009,-1.037196899353904E-001,-2.073792903459541E-001,-1.037196899353904E-001,-2.073792903459541E-001,
8.419092279971513E+009,-1.076411719066520E-001,-2.089632504410213E-001,-1.076411719066520E-001,-2.089632504410213E-001,
8.595315774987719E+009,-1.113567473060243E-001,-2.100941643708784E-001,-1.113567473060243E-001,-2.100941643708784E-001,
8.775227876704388E+009,-1.152793519481474E-001,-2.112754395677670E-001,-1.152793519481474E-001,-2.112754395677670E-001,
8.958905792870632E+009,-1.188409602251490E-001,-2.121123357914253E-001,-1.188409602251490E-001,-2.121123357914253E-001,
9.146428347302822E+009,-1.223123128681870E-001,-2.122206184366874E-001,-1.223123128681870E-001,-2.122206184366874E-001,
9.337876013711161E+009,-1.262128778684097E-001,-2.137522242489072E-001,-1.262128778684097E-001,-2.137522242489072E-001,
9.533330950234287E+009,-1.297727252685053E-001,-2.130652205566685E-001,-1.297727252685053E-001,-2.130652205566685E-001,
9.732877034696749E+009,-1.334895340811560E-001,-2.128587397500705E-001,-1.334895340811560E-001,-2.128587397500705E-001,
9.936599900604454E+009,-1.379182583431753E-001,-2.127506358311795E-001,-1.379182583431753E-001,-2.127506358311795E-001,
1.014458697389356E+010,-1.422021666047605E-001,-2.127421971876169E-001,-1.422021666047605E-001,-2.127421971876169E-001,
1.035692751044859E+010,-1.468411492119963E-001,-2.131884220636921E-001,-1.468411492119963E-001,-2.131884220636921E-001,
1.057371263440579E+010,-1.500228749984375E-001,-2.134026830985041E-001,-1.500228749984375E-001,-2.134026830985041E-001,
1.079503537725833E+010,-1.539396688449478E-001,-2.125712843475244E-001,-1.539396688449478E-001,-2.125712843475244E-001,
1.102099071777997E+010,-1.574202374882041E-001,-2.114369836975377E-001,-1.574202374882041E-001,-2.114369836975377E-001,
1.125167562278435E+010,-1.620017908809965E-001,-2.106889672047342E-001,-1.620017908809965E-001,-2.106889672047342E-001,
1.148718908873753E+010,-1.667721858404769E-001,-2.101948111487079E-001,-1.667721858404769E-001,-2.101948111487079E-001,
1.172763218424143E+010,-1.709119910931958E-001,-2.078799802858774E-001,-1.709119910931958E-001,-2.078799802858774E-001,
1.197310809340661E+010,-1.767504828706845E-001,-2.076991876155784E-001,-1.767504828706845E-001,-2.076991876155784E-001,
1.222372216013282E+010,-1.798004549153596E-001,-2.059233854740995E-001,-1.798004549153596E-001,-2.059233854740995E-001,
1.247958193331646E+010,-1.862759457332791E-001,-2.035297421745112E-001,-1.862759457332791E-001,-2.035297421745112E-001,
1.274079721300426E+010,-1.905605147841981E-001,-2.042680450419812E-001,-1.905605147841981E-001,-2.042680450419812E-001,
1.300748009751303E+010,-1.962712076840234E-001,-2.009039724776849E-001,-1.962712076840234E-001,-2.009039724776849E-001,
1.327974503153573E+010,-2.020616930242913E-001,-2.004563041023953E-001,-2.020616930242913E-001,-2.004563041023953E-001,
1.355770885525442E+010,-2.075797072297585E-001,-1.985217418435079E-001,-2.075797072297585E-001,-1.985217418435079E-001,
1.384149085448120E+010,-2.123097073607968E-001,-1.973276191535309E-001,-2.123097073607968E-001,-1.973276191535309E-001,
1.413121281184877E+010,-2.193392581798636E-001,-1.968512179345716E-001,-2.193392581798636E-001,-1.968512179345716E-001,
1.442699905907235E+010,-2.252914236027259E-001,-1.940951744572689E-001,-2.252914236027259E-001,-1.940951744572689E-001,
1.472897653030561E+010,-2.300747106957748E-001,-1.940167404692833E-001,-2.300747106957748E-001,-1.940167404692833E-001,
1.503727481661337E+010,-2.370969326816279E-001,-1.933956926831041E-001,-2.370969326816279E-001,-1.933956926831041E-001,
1.535202622158452E+010,-2.434246415499370E-001,-1.906245426804440E-001,-2.434246415499370E-001,-1.906245426804440E-001,
1.567336581810895E+010,-2.488566627296558E-001,-1.892859463065574E-001,-2.488566627296558E-001,-1.892859463065574E-001,
1.600143150634299E+010,-2.543926101857582E-001,-1.892142112642024E-001,-2.543926101857582E-001,-1.892142112642024E-001,
1.633636407288800E+010,-2.605311184896587E-001,-1.884320175181847E-001,-2.605311184896587E-001,-1.884320175181847E-001,
1.667830725120785E+010,-2.667684055807052E-001,-1.883951324526565E-001,-2.667684055807052E-001,-1.883951324526565E-001,
1.702740778331081E+010,-2.727458799066857E-001,-1.882689869269308E-001,-2.727458799066857E-001,-1.882689869269308E-001,
1.738381548272271E+010,-2.776935742870100E-001,-1.868065905476778E-001,-2.776935742870100E-001,-1.868065905476778E-001,
1.774768329877812E+010,-2.832420629035253E-001,-1.857198369031717E-001,-2.832420629035253E-001,-1.857198369031717E-001,
1.811916738225725E+010,-2.877889853820439E-001,-1.842796405607025E-001,-2.877889853820439E-001,-1.842796405607025E-001,
1.849842715239673E+010,-2.910149266371772E-001,-1.836272967396928E-001,-2.910149266371772E-001,-1.836272967396928E-001,
1.888562536530301E+010,-2.951494501558203E-001,-1.812664562392304E-001,-2.951494501558203E-001,-1.812664562392304E-001,
1.928092818379779E+010,-3.000479818732511E-001,-1.786620799194449E-001,-3.000479818732511E-001,-1.786620799194449E-001,
1.968450524872536E+010,-3.044040976363988E-001,-1.777995391458789E-001,-3.044040976363988E-001,-1.777995391458789E-001,
2.009652975175254E+010,-3.050710737204053E-001,-1.785715304818736E-001,-3.050710737204053E-001,-1.785715304818736E-001,
2.051717850969239E+010,-3.065516904094329E-001,-1.740919417896501E-001,-3.065516904094329E-001,-1.740919417896501E-001,
2.094663204038366E+010,-3.114895695257278E-001,-1.730942385917781E-001,-3.114895695257278E-001,-1.730942385917781E-001,
2.138507464015848E+010,-3.103876192947190E-001,-1.710562632234561E-001,-3.103876192947190E-001,-1.710562632234561E-001,
2.183269446293157E+010,-3.159083630743261E-001,-1.687582945992520E-001,-3.159083630743261E-001,-1.687582945992520E-001,
2.228968360094489E+010,-3.171811714052166E-001,-1.687088173487732E-001,-3.171811714052166E-001,-1.687088173487732E-001,
2.275623816720238E+010,-3.209877245337983E-001,-1.654688770211430E-001,-3.209877245337983E-001,-1.654688770211430E-001,
2.323255837963022E+010,-3.226893445219651E-001,-1.640020720766956E-001,-3.226893445219651E-001,-1.640020720766956E-001,
2.371884864699861E+010,-3.278131883237467E-001,-1.636874297350282E-001,-3.278131883237467E-001,-1.636874297350282E-001,
2.421531765664209E+010,-3.328903140924828E-001,-1.649576983540577E-001,-3.328903140924828E-001,-1.649576983540577E-001,
2.472217846401591E+010,-3.368631844667749E-001,-1.640244142833960E-001,-3.368631844667749E-001,-1.640244142833960E-001,
2.523964858412701E+010,-3.453052332138414E-001,-1.658505025940617E-001,-3.453052332138414E-001,-1.658505025940617E-001,
2.576795008487867E+010,-3.524045906122660E-001,-1.663163320478825E-001,-3.524045906122660E-001,-1.663163320478825E-001,
2.630730968236913E+010,-3.575367107266222E-001,-1.677582032377287E-001,-3.575367107266222E-001,-1.677582032377287E-001,
2.685795883818483E+010,-3.621287079312255E-001,-1.757084460285716E-001,-3.621287079312255E-001,-1.757084460285716E-001,
2.742013385873019E+010,-3.653727189776991E-001,-1.846458217796083E-001,-3.653727189776991E-001,-1.846458217796083E-001,
2.799407599663654E+010,-3.660727344717248E-001,-1.903179107732714E-001,-3.660727344717248E-001,-1.903179107732714E-001,
2.858003155429355E+010,-3.695342866605943E-001,-1.929672287786599E-001,-3.695342866605943E-001,-1.929672287786599E-001,
2.917825198954789E+010,-3.723836796797855E-001,-2.055073812872397E-001,-3.723836796797855E-001,-2.055073812872397E-001,
2.978899402361419E+010,-3.647715690217678E-001,-2.167750583745982E-001,-3.647715690217678E-001,-2.167750583745982E-001,
3.041251975124476E+010,-3.635544590833744E-001,-2.164860015964921E-001,-3.635544590833744E-001,-2.164860015964921E-001,
3.104909675320535E+010,-3.547680361634826E-001,-2.234340749587604E-001,-3.547680361634826E-001,-2.234340749587604E-001,
3.169899821110511E+010,-3.500790617612549E-001,-2.268092888435573E-001,-3.500790617612549E-001,-2.268092888435573E-001,
3.236250302463025E+010,-3.351350356650169E-001,-2.285233482059981E-001,-3.351350356650169E-001,-2.285233482059981E-001,
3.303989593123136E+010,-3.242501700855246E-001,-2.293109900136830E-001,-3.242501700855246E-001,-2.293109900136830E-001,
3.373146762831615E+010,-3.124278543738477E-001,-2.287202454022510E-001,-3.124278543738477E-001,-2.287202454022510E-001,
3.443751489799971E+010,-3.038790565983152E-001,-2.212121886760745E-001,-3.038790565983152E-001,-2.212121886760745E-001,
3.515834073446610E+010,-2.950001449830164E-001,-2.172255328535532E-001,-2.950001449830164E-001,-2.172255328535532E-001,
3.589425447399565E+010,-2.913602206844178E-001,-2.089886639496821E-001,-2.913602206844178E-001,-2.089886639496821E-001,
3.664557192771407E+010,-2.787338194139866E-001,-2.024380669438926E-001,-2.787338194139866E-001,-2.024380669438926E-001,
3.741261551712006E+010,-2.843791977554953E-001,-1.932990690055664E-001,-2.843791977554953E-001,-1.932990690055664E-001,
3.819571441244975E+010,-2.813306041496174E-001,-1.978802223293495E-001,-2.813306041496174E-001,-1.978802223293495E-001,
3.899520467393736E+010,-2.824157326066443E-001,-1.894324940784317E-001,-2.824157326066443E-001,-1.894324940784317E-001,
3.981142939603255E+010,-2.844631776832646E-001,-1.937318240160044E-001,-2.844631776832646E-001,-1.937318240160044E-001,
4.064473885463650E+010,-2.842935196692086E-001,-1.893115134236694E-001,-2.842935196692086E-001,-1.893115134236694E-001,
4.149549065741983E+010,-2.765662865982370E-001,-1.930109769634895E-001,-2.765662865982370E-001,-1.930109769634895E-001,
4.236404989728691E+010,-2.659358036394174E-001,-1.972912850508313E-001,-2.659358036394174E-001,-1.972912850508313E-001,
4.325078930905235E+010,-2.555730934061971E-001,-1.957941328478552E-001,-2.555730934061971E-001,-1.957941328478552E-001,
4.415608942939697E+010,-2.431629664192604E-001,-1.916855876398474E-001,-2.431629664192604E-001,-1.916855876398474E-001,
4.508033876017195E+010,-2.286641509381283E-001,-1.741259164835264E-001,-2.286641509381283E-001,-1.741259164835264E-001,
4.602393393512102E+010,-2.193906107057070E-001,-1.472152464519986E-001,-2.193906107057070E-001,-1.472152464519986E-001,
4.698727989009248E+010,-2.138731078731544E-001,-1.316966193899798E-001,-2.138731078731544E-001,-1.316966193899798E-001,
4.797079003681400E+010,-2.114233613027626E-001,-9.792576104817548E-002,-2.114233613027626E-001,-9.792576104817548E-002,
4.897488644030473E+010,-2.174331757907373E-001,-7.565900891200808E-002,-2.174331757907373E-001,-7.565900891200808E-002,
5.000000000000000E+010,-2.346592090651850E-001,-4.258507570464100E-002,-2.346592090651850E-001,-4.258507570464100E-002,
