% Version 1.00
%
%freq[Hz],re:Trc1_S11,im:Trc1_S11,re:Trc2_S11,im:Trc2_S11,
1.000000000000000E+008,7.389850708808279E-002,-7.036218383735995E-003,7.389850708808279E-002,-7.036218383735995E-003,
1.020931412693436E+008,7.372242562563976E-002,-7.006061203123960E-003,7.372242562563976E-002,-7.006061203123960E-003,
1.042300949424215E+008,7.364649654315246E-002,-7.049607920681846E-003,7.364649654315246E-002,-7.049607920681846E-003,
1.064117780747374E+008,7.356607974287263E-002,-7.021763691967060E-003,7.356607974287263E-002,-7.021763691967060E-003,
1.086391269170620E+008,7.351611637079561E-002,-7.057725866985289E-003,7.351611637079561E-002,-7.057725866985289E-003,
1.109130973172177E+008,7.343676723290386E-002,-7.091583126931399E-003,7.343676723290386E-002,-7.091583126931399E-003,
1.132346651302716E+008,7.338268467101212E-002,-7.109050863284172E-003,7.338268467101212E-002,-7.109050863284172E-003,
1.156048266373163E+008,7.330282619514264E-002,-7.136649289532648E-003,7.330282619514264E-002,-7.136649289532648E-003,
1.180245989730151E+008,7.330762250596262E-002,-7.146072324849861E-003,7.330762250596262E-002,-7.146072324849861E-003,
1.204950205620966E+008,7.328149317657315E-002,-7.193363588319171E-003,7.328149317657315E-002,-7.193363588319171E-003,
1.230171515649859E+008,7.321188582107216E-002,-7.167512075992208E-003,7.321188582107216E-002,-7.167512075992208E-003,
1.255920743327636E+008,7.323573272066769E-002,-7.250988413722565E-003,7.323573272066769E-002,-7.250988413722565E-003,
1.282208938716474E+008,7.321992702073171E-002,-7.261968436329815E-003,7.321992702073171E-002,-7.261968436329815E-003,
1.309047383171961E+008,7.318736606479892E-002,-7.263186819192901E-003,7.318736606479892E-002,-7.263186819192901E-003,
1.336447594184396E+008,7.318137542337495E-002,-7.289105816624631E-003,7.318137542337495E-002,-7.289105816624631E-003,
1.364421330321420E+008,7.316735200596150E-002,-7.364826327452364E-003,7.316735200596150E-002,-7.364826327452364E-003,
1.392980596274105E+008,7.315046605085437E-002,-7.350184209293801E-003,7.315046605085437E-002,-7.350184209293801E-003,
1.422137648008667E+008,7.318403236174015E-002,-7.410809222978910E-003,7.318403236174015E-002,-7.410809222978910E-003,
1.451904998026009E+008,7.312483113420265E-002,-7.440483933393081E-003,7.312483113420265E-002,-7.440483933393081E-003,
1.482295420731354E+008,7.309625408409255E-002,-7.480112681454701E-003,7.309625408409255E-002,-7.480112681454701E-003,
1.513321957916272E+008,7.309342057586246E-002,-7.494667907794642E-003,7.309342057586246E-002,-7.494667907794642E-003,
1.544997924355456E+008,7.308079062200047E-002,-7.595561877447830E-003,7.308079062200047E-002,-7.595561877447830E-003,
1.577336913520643E+008,7.308823823927410E-002,-7.608051328507319E-003,7.308823823927410E-002,-7.608051328507319E-003,
1.610352803414134E+008,7.309361172813515E-002,-7.641267589991665E-003,7.309361172813515E-002,-7.641267589991665E-003,
1.644059762524427E+008,7.303992567021488E-002,-7.680881270836409E-003,7.303992567021488E-002,-7.680881270836409E-003,
1.678472255906498E+008,7.304884017556206E-002,-7.728288037481502E-003,7.304884017556206E-002,-7.728288037481502E-003,
1.713605051389360E+008,7.303499072039171E-002,-7.764069296236060E-003,7.303499072039171E-002,-7.764069296236060E-003,
1.749473225913547E+008,7.298973183780488E-002,-7.830713926192737E-003,7.298973183780488E-002,-7.830713926192737E-003,
1.786092172001261E+008,7.297684079826963E-002,-7.862077788604802E-003,7.297684079826963E-002,-7.862077788604802E-003,
1.823477604361935E+008,7.296799320408111E-002,-7.895537924120545E-003,7.296799320408111E-002,-7.895537924120545E-003,
1.861645566636073E+008,7.292578730369120E-002,-7.970967711255576E-003,7.292578730369120E-002,-7.970967711255576E-003,
1.900612438280239E+008,7.288490570748829E-002,-8.021829468065615E-003,7.288490570748829E-002,-8.021829468065615E-003,
1.940394941596160E+008,7.287467210482584E-002,-8.093529941025093E-003,7.287467210482584E-002,-8.093529941025093E-003,
1.981010148906965E+008,7.282436074847257E-002,-8.157095179083647E-003,7.282436074847257E-002,-8.157095179083647E-003,
2.022475489883622E+008,7.278162587743772E-002,-8.244725919928794E-003,7.278162587743772E-002,-8.244725919928794E-003,
2.064808759024735E+008,7.275540724983387E-002,-8.299769815395933E-003,7.275540724983387E-002,-8.299769815395933E-003,
2.108028123292904E+008,7.269414846860337E-002,-8.363595317326122E-003,7.269414846860337E-002,-8.363595317326122E-003,
2.152152129910917E+008,7.264321521247097E-002,-8.475075951050938E-003,7.264321521247097E-002,-8.475075951050938E-003,
2.197199714321140E+008,7.262246756449504E-002,-8.563297518428509E-003,7.262246756449504E-002,-8.563297518428509E-003,
2.243190208311496E+008,7.258628732516106E-002,-8.681935375714468E-003,7.258628732516106E-002,-8.681935375714468E-003,
2.290143348311539E+008,7.255115210577136E-002,-8.799898207713180E-003,7.255115210577136E-002,-8.799898207713180E-003,
2.338079283862175E+008,7.252716315182675E-002,-8.901324126055864E-003,7.252716315182675E-002,-8.901324126055864E-003,
2.387018586262668E+008,7.247035385938849E-002,-9.045474366412532E-003,7.247035385938849E-002,-9.045474366412532E-003,
2.436982257398635E+008,7.243397120788710E-002,-9.174465176945743E-003,7.243397120788710E-002,-9.174465176945743E-003,
2.487991738754827E+008,7.240932098876254E-002,-9.325586858398882E-003,7.240932098876254E-002,-9.325586858398882E-003,
2.540068920616564E+008,7.238443900994518E-002,-9.447156342322523E-003,7.238443900994518E-002,-9.447156342322523E-003,
2.593236151463760E+008,7.234652080904291E-002,-9.583607669317493E-003,7.234652080904291E-002,-9.583607669317493E-003,
2.647516247561587E+008,7.231736104741493E-002,-9.790571092656316E-003,7.231736104741493E-002,-9.790571092656316E-003,
2.702932502751876E+008,7.229541774250617E-002,-9.922573223725639E-003,7.229541774250617E-002,-9.922573223725639E-003,
2.759508698449477E+008,7.227460588184223E-002,-1.012212788269173E-002,7.227460588184223E-002,-1.012212788269173E-002,
2.817269113847850E+008,7.228535182659134E-002,-1.027291795326034E-002,7.228535182659134E-002,-1.027291795326034E-002,
2.876238536338270E+008,7.227136174325277E-002,-1.045292758900729E-002,7.227136174325277E-002,-1.045292758900729E-002,
2.936442272147132E+008,7.227497631529109E-002,-1.066316752420589E-002,7.227497631529109E-002,-1.066316752420589E-002,
2.997906157195895E+008,7.230910670789112E-002,-1.084075177157673E-002,7.230910670789112E-002,-1.084075177157673E-002,
3.060656568188355E+008,7.232852108777016E-002,-1.099978842969120E-002,7.232852108777016E-002,-1.099978842969120E-002,
3.124720433929982E+008,7.235263185561736E-002,-1.117934295664468E-002,7.235263185561736E-002,-1.117934295664468E-002,
3.190125246884183E+008,7.237525790311769E-002,-1.131819333485442E-002,7.237525790311769E-002,-1.131819333485442E-002,
3.256899074970465E+008,7.241427411264927E-002,-1.146622934570530E-002,7.241427411264927E-002,-1.146622934570530E-002,
3.325070573609542E+008,7.240051451357721E-002,-1.167496321855762E-002,7.240051451357721E-002,-1.167496321855762E-002,
3.394668998020564E+008,7.241310108160062E-002,-1.183240795657162E-002,7.241310108160062E-002,-1.183240795657162E-002,
3.465724215775746E+008,7.240378742406695E-002,-1.198717042150664E-002,7.240378742406695E-002,-1.198717042150664E-002,
3.538266719617783E+008,7.239735994273344E-002,-1.216631191874017E-002,7.239735994273344E-002,-1.216631191874017E-002,
3.612327640545553E+008,7.238616301279541E-002,-1.232645847382350E-002,7.238616301279541E-002,-1.232645847382350E-002,
3.687938761173719E+008,7.233891370460610E-002,-1.249526657213283E-002,7.233891370460610E-002,-1.249526657213283E-002,
3.765132529371966E+008,7.230084849650256E-002,-1.268054668775604E-002,7.230084849650256E-002,-1.268054668775604E-002,
3.843942072189731E+008,7.227673598496524E-002,-1.287542068856259E-002,7.227673598496524E-002,-1.287542068856259E-002,
3.924401210072396E+008,7.222074577490076E-002,-1.302946373916500E-002,7.222074577490076E-002,-1.302946373916500E-002,
4.006544471375042E+008,7.214956612481552E-002,-1.330148864388482E-002,7.214956612481552E-002,-1.330148864388482E-002,
4.090407107179998E+008,7.209397406857490E-002,-1.354876509259238E-002,7.209397406857490E-002,-1.354876509259238E-002,
4.176025106424546E+008,7.203773576434384E-002,-1.377893191417190E-002,7.203773576434384E-002,-1.377893191417190E-002,
4.263435211345269E+008,7.198105630624230E-002,-1.406699796878174E-002,7.198105630624230E-002,-1.406699796878174E-002,
4.352674933245664E+008,7.192484283845663E-002,-1.443179086555144E-002,7.192484283845663E-002,-1.443179086555144E-002,
4.443782568593804E+008,7.189256783378567E-002,-1.473799952191659E-002,7.189256783378567E-002,-1.473799952191659E-002,
4.536797215456938E+008,7.187863894368805E-002,-1.506588893819359E-002,7.187863894368805E-002,-1.506588893819359E-002,
4.631758790280099E+008,7.188884183392287E-002,-1.540745329877657E-002,7.188884183392287E-002,-1.540745329877657E-002,
4.728708045015902E+008,7.191160544361069E-002,-1.574961585092228E-002,7.191160544361069E-002,-1.574961585092228E-002,
4.827686584612901E+008,7.193858333886276E-002,-1.607410632032462E-002,7.193858333886276E-002,-1.607410632032462E-002,
4.928736884869999E+008,7.198572259493466E-002,-1.640163527577508E-002,7.198572259493466E-002,-1.640163527577508E-002,
5.031902310664573E+008,7.201354412485435E-002,-1.671160410956774E-002,7.201354412485435E-002,-1.671160410956774E-002,
5.137227134562149E+008,7.205626047709705E-002,-1.700213411467300E-002,7.205626047709705E-002,-1.700213411467300E-002,
5.244756555815587E+008,7.206564022440733E-002,-1.728987840477104E-002,7.206564022440733E-002,-1.728987840477104E-002,
5.354536719761968E+008,7.208957491910929E-002,-1.756643009451227E-002,7.208957491910929E-002,-1.756643009451227E-002,
5.466614737625463E+008,7.207026302009026E-002,-1.785050198467172E-002,7.207026302009026E-002,-1.785050198467172E-002,
5.581038706734722E+008,7.202115367244943E-002,-1.813665152390051E-002,7.202115367244943E-002,-1.813665152390051E-002,
5.697857731163427E+008,7.195460124558709E-002,-1.845819099433851E-002,7.195460124558709E-002,-1.845819099433851E-002,
5.817121942802894E+008,7.186323223823228E-002,-1.880060384854831E-002,7.186323223823228E-002,-1.880060384854831E-002,
5.938882522875744E+008,7.176125955073662E-002,-1.914143664475197E-002,7.176125955073662E-002,-1.914143664475197E-002,
6.063191723899891E+008,7.163781045252621E-002,-1.960634938042246E-002,7.163781045252621E-002,-1.960634938042246E-002,
6.190102892112266E+008,7.156059238002388E-002,-2.004981473871549E-002,7.156059238002388E-002,-2.004981473871549E-002,
6.319670490361900E+008,7.151497109447227E-002,-2.051665348470783E-002,7.151497109447227E-002,-2.051665348470783E-002,
6.451950121482195E+008,7.148549107817745E-002,-2.100684972841320E-002,7.148549107817745E-002,-2.100684972841320E-002,
6.586998552152404E+008,7.150841050671744E-002,-2.145942474066778E-002,7.150841050671744E-002,-2.145942474066778E-002,
6.724873737258571E+008,7.149990173531609E-002,-2.195611604164556E-002,7.149990173531609E-002,-2.195611604164556E-002,
6.865634844764381E+008,7.150956939900582E-002,-2.237527176327213E-002,7.150956939900582E-002,-2.237527176327213E-002,
7.009342281102579E+008,7.151528975008242E-002,-2.279549124376320E-002,7.151528975008242E-002,-2.279549124376320E-002,
7.156057717097888E+008,7.147754255861116E-002,-2.318629689370778E-002,7.147754255861116E-002,-2.318629689370778E-002,
7.305844114432513E+008,7.142133925607971E-002,-2.353916089992311E-002,7.142133925607971E-002,-2.353916089992311E-002,
7.458765752665610E+008,7.129408010193475E-002,-2.398283594793080E-002,7.129408010193475E-002,-2.398283594793080E-002,
7.614888256818322E+008,7.110652255275879E-002,-2.444516595959906E-002,7.110652255275879E-002,-2.444516595959906E-002,
7.774278625536187E+008,7.093700804092971E-002,-2.500984869569684E-002,7.093700804092971E-002,-2.500984869569684E-002,
7.937005259841044E+008,7.077216851686516E-002,-2.559635320377582E-002,7.077216851686516E-002,-2.559635320377582E-002,
8.103137992484750E+008,7.065453228835397E-002,-2.622545141713798E-002,7.065453228835397E-002,-2.622545141713798E-002,
8.272748117917309E+008,7.059659662602053E-002,-2.686529091718356E-002,7.059659662602053E-002,-2.686529091718356E-002,
8.445908422882283E+008,7.059438923815797E-002,-2.744257481944706E-002,7.059438923815797E-002,-2.744257481944706E-002,
8.622693217652600E+008,7.059411685120769E-002,-2.799733024521653E-002,7.059411685120769E-002,-2.799733024521653E-002,
8.803178367920179E+008,7.056131389661252E-002,-2.856402853918456E-002,7.056131389661252E-002,-2.856402853918456E-002,
8.987441327353046E+008,7.048408441439141E-002,-2.904325157094753E-002,7.048408441439141E-002,-2.904325157094753E-002,
9.175561170833916E+008,7.029700381481061E-002,-2.952320765134580E-002,7.029700381481061E-002,-2.952320765134580E-002,
9.367618628394508E+008,7.005508804193497E-002,-3.005834240651136E-002,7.005508804193497E-002,-3.005834240651136E-002,
9.563696119860154E+008,6.974800110937036E-002,-3.069464079343874E-002,6.974800110937036E-002,-3.069464079343874E-002,
9.763877790219561E+008,6.946604674179475E-002,-3.142780568767188E-002,6.946604674179475E-002,-3.142780568767188E-002,
9.968249545734922E+008,6.926564302406352E-002,-3.218599725522408E-002,6.926564302406352E-002,-3.218599725522408E-002,
1.017689909080786E+009,6.912219024761869E-002,-3.302719563562538E-002,6.912219024761869E-002,-3.302719563562538E-002,
1.038991596561701E+009,6.905077042355080E-002,-3.377316380746395E-002,6.905077042355080E-002,-3.377316380746395E-002,
1.060739158454346E+009,6.900508191308716E-002,-3.444535624956538E-002,6.900508191308716E-002,-3.444535624956538E-002,
1.082941927540042E+009,6.881597218947003E-002,-3.504113765050236E-002,6.881597218947003E-002,-3.504113765050236E-002,
1.105609431948408E+009,6.858459244392282E-002,-3.565978632276112E-002,6.858459244392282E-002,-3.565978632276112E-002,
1.128751399246275E+009,6.823096714351470E-002,-3.635674940333431E-002,6.823096714351470E-002,-3.635674940333431E-002,
1.152377760612193E+009,6.787489183079040E-002,-3.718764367081481E-002,6.787489183079040E-002,-3.718764367081481E-002,
1.176498655098304E+009,6.761615737050059E-002,-3.805375420670848E-002,6.761615737050059E-002,-3.805375420670848E-002,
1.201124433981439E+009,6.744467278813912E-002,-3.896903732675205E-002,6.744467278813912E-002,-3.896903732675205E-002,
1.226265665205275E+009,6.729519165405942E-002,-3.984500407689842E-002,6.729519165405942E-002,-3.984500407689842E-002,
1.251933137915478E+009,6.710174813650466E-002,-4.054264855482305E-002,6.710174813650466E-002,-4.054264855482305E-002,
1.278137867089775E+009,6.678086357798212E-002,-4.123018647883209E-002,6.678086357798212E-002,-4.123018647883209E-002,
1.304891098264939E+009,6.633006371311234E-002,-4.201636870937765E-002,6.633006371311234E-002,-4.201636870937765E-002,
1.332204312362714E+009,6.586485313775958E-002,-4.294550935556561E-002,6.586485313775958E-002,-4.294550935556561E-002,
1.360089230616753E+009,6.546651162214509E-002,-4.402086440928959E-002,6.546651162214509E-002,-4.402086440928959E-002,
1.388557819602690E+009,6.522850393409638E-002,-4.507727590673833E-002,6.522850393409638E-002,-4.507727590673833E-002,
1.417622296373492E+009,6.503879444929528E-002,-4.591242580578405E-002,6.503879444929528E-002,-4.591242580578405E-002,
1.447295133702302E+009,6.465003126717198E-002,-4.673864997316342E-002,6.465003126717198E-002,-4.673864997316342E-002,
1.477589065435027E+009,6.410951014574229E-002,-4.763230219547798E-002,6.410951014574229E-002,-4.763230219547798E-002,
1.508517091954956E+009,6.346241198314095E-002,-4.868445649906503E-002,6.346241198314095E-002,-4.868445649906503E-002,
1.540092485761767E+009,6.296480182212647E-002,-4.993267952948786E-002,6.296480182212647E-002,-4.993267952948786E-002,
1.572328797167307E+009,6.263668730305497E-002,-5.109516988162732E-002,6.263668730305497E-002,-5.109516988162732E-002,
1.605239860110590E+009,6.233799760134023E-002,-5.209077434004011E-002,6.233799760134023E-002,-5.209077434004011E-002,
1.638839798094518E+009,6.180658660682718E-002,-5.298115577927642E-002,6.180658660682718E-002,-5.298115577927642E-002,
1.673143030246862E+009,6.107847696990402E-002,-5.405096600752893E-002,6.107847696990402E-002,-5.405096600752893E-002,
1.708164277508106E+009,6.041965117594961E-002,-5.540697597913892E-002,6.041965117594961E-002,-5.540697597913892E-002,
1.743918568948813E+009,6.003646031656691E-002,-5.674853732746038E-002,6.003646031656691E-002,-5.674853732746038E-002,
1.780421248219227E+009,5.971958798654756E-002,-5.782986008773164E-002,5.971958798654756E-002,-5.782986008773164E-002,
1.817687980133866E+009,5.906299997773583E-002,-5.870817448532489E-002,5.906299997773583E-002,-5.870817448532489E-002,
1.855734757393946E+009,5.808701639245224E-002,-5.986438510986376E-002,5.808701639245224E-002,-5.986438510986376E-002,
1.894577907450513E+009,5.725716978058061E-002,-6.142071311200709E-002,5.725716978058061E-002,-6.142071311200709E-002,
1.934234099511226E+009,5.684827684926211E-002,-6.297369893701693E-002,5.684827684926211E-002,-6.297369893701693E-002,
1.974720351693812E+009,5.641999253138503E-002,-6.400531296713245E-002,5.641999253138503E-002,-6.400531296713245E-002,
2.016054038329243E+009,5.547323826527136E-002,-6.500067185179458E-002,5.547323826527136E-002,-6.500067185179458E-002,
2.058252897417781E+009,5.431063965276800E-002,-6.646816402068688E-002,5.431063965276800E-002,-6.646816402068688E-002,
2.101335038241093E+009,5.355524684615767E-002,-6.829561523797822E-002,5.355524684615767E-002,-6.829561523797822E-002,
2.145318949133695E+009,5.317574575916499E-002,-6.962931113144648E-002,5.317574575916499E-002,-6.962931113144648E-002,
2.190223505417061E+009,5.228762562060729E-002,-7.064761390964036E-002,5.228762562060729E-002,-7.064761390964036E-002,
2.236067977499810E+009,5.101322456269186E-002,-7.208453267368502E-002,5.101322456269186E-002,-7.208453267368502E-002,
2.282872039147435E+009,5.012981015301831E-002,-7.407640145909165E-002,5.012981015301831E-002,-7.407640145909165E-002,
2.330655775925136E+009,4.964955767611589E-002,-7.546109061526084E-002,4.964955767611589E-002,-7.546109061526084E-002,
2.379439693817366E+009,4.852384778440542E-002,-7.649503281643334E-002,4.852384778440542E-002,-7.649503281643334E-002,
2.429244728027800E+009,4.700680518416243E-002,-7.820695587418122E-002,4.700680518416243E-002,-7.820695587418122E-002,
2.480092251963504E+009,4.618078747501461E-002,-8.025084043972466E-002,4.618078747501461E-002,-8.025084043972466E-002,
2.532004086407146E+009,4.548632985655149E-002,-8.155014351571407E-002,4.548632985655149E-002,-8.155014351571407E-002,
2.585002508881200E+009,4.386909752116951E-002,-8.291555766383386E-002,4.386909752116951E-002,-8.291555766383386E-002,
2.639110263208160E+009,4.251168781908309E-002,-8.513495633794646E-002,4.251168781908309E-002,-8.513495633794646E-002,
2.694350569270853E+009,4.190275244094914E-002,-8.681212058008611E-002,4.190275244094914E-002,-8.681212058008611E-002,
2.750747132977056E+009,4.044246009682407E-002,-8.792197879542704E-002,4.044246009682407E-002,-8.792197879542704E-002,
2.808324156432685E+009,3.858560406649343E-002,-9.009031883038393E-002,3.858560406649343E-002,-9.009031883038393E-002,
2.867106348327923E+009,3.776370218917616E-002,-9.215988338316376E-002,3.776370218917616E-002,-9.215988338316376E-002,
2.927118934540746E+009,3.637116619594189E-002,-9.339592817728457E-002,3.637116619594189E-002,-9.339592817728457E-002,
2.988387668962389E+009,3.440134819238148E-002,-9.554130758916771E-002,3.440134819238148E-002,-9.554130758916771E-002,
3.050938844549417E+009,3.339843679174361E-002,-9.760464799555707E-002,3.339843679174361E-002,-9.760464799555707E-002,
3.114799304607116E+009,3.162213107145048E-002,-9.903090059720809E-002,3.162213107145048E-002,-9.903090059720809E-002,
3.179996454309075E+009,2.968255386552853E-002,-1.014706012476922E-001,2.968255386552853E-002,-1.014706012476922E-001,
3.246558272457882E+009,2.853599626848478E-002,-1.034396061945505E-001,2.853599626848478E-002,-1.034396061945505E-001,
3.314513323491987E+009,2.646855745441092E-002,-1.051639556699272E-001,2.646855745441092E-002,-1.051639556699272E-001,
3.383890769743891E+009,2.490133787511975E-002,-1.076988848912461E-001,2.490133787511975E-002,-1.076988848912461E-001,
3.454720383954909E+009,2.327049531724704E-002,-1.090874788265396E-001,2.327049531724704E-002,-1.090874788265396E-001,
3.527032562051896E+009,2.055330191906959E-002,-1.114737502041125E-001,2.055330191906959E-002,-1.114737502041125E-001,
3.600858336191391E+009,1.915055234955278E-002,-1.139275997414614E-001,1.915055234955278E-002,-1.139275997414614E-001,
3.676229388076813E+009,1.685448118119311E-002,-1.158073298066739E-001,1.685448118119311E-002,-1.158073298066739E-001,
3.753178062554387E+009,1.494583886151183E-002,-1.185735485864140E-001,1.494583886151183E-002,-1.185735485864140E-001,
3.831737381493663E+009,1.283909169772193E-002,-1.203067902117599E-001,1.283909169772193E-002,-1.203067902117599E-001,
3.911941057958573E+009,1.052717855632002E-002,-1.232252549783873E-001,1.052717855632002E-002,-1.232252549783873E-001,
3.993823510675101E+009,8.717344630520976E-003,-1.249299158746267E-001,8.717344630520976E-003,-1.249299158746267E-001,
4.077419878801790E+009,5.768969442161166E-003,-1.276253890986245E-001,5.768969442161166E-003,-1.276253890986245E-001,
4.162766037009410E+009,3.928535350495481E-003,-1.299136111786000E-001,3.928535350495481E-003,-1.299136111786000E-001,
4.249898610876274E+009,1.083804543810414E-003,-1.325288966762824E-001,1.083804543810414E-003,-1.325288966762824E-001,
4.338854992605786E+009,-8.245715068186620E-004,-1.346413858309514E-001,-8.245715068186620E-004,-1.346413858309514E-001,
4.429673357072994E+009,-4.175322849456645E-003,-1.373820274669041E-001,-4.175322849456645E-003,-1.373820274669041E-001,
4.522392678207007E+009,-5.819904773407346E-003,-1.397627550063615E-001,-5.819904773407346E-003,-1.397627550063615E-001,
4.617052745716332E+009,-9.236975682325010E-003,-1.423091045613070E-001,-9.236975682325010E-003,-1.423091045613070E-001,
4.713694182164284E+009,-1.141889224254401E-002,-1.443614804627194E-001,-1.141889224254401E-002,-1.443614804627194E-001,
4.812358460401814E+009,-1.481107471860076E-002,-1.475670825829618E-001,-1.481107471860076E-002,-1.475670825829618E-001,
4.913087921365233E+009,-1.738644825666824E-002,-1.492300556864193E-001,-1.738644825666824E-002,-1.492300556864193E-001,
5.015925792246465E+009,-2.039610672999135E-002,-1.527554202520830E-001,-2.039610672999135E-002,-1.527554202520830E-001,
5.120916205043626E+009,-2.354356550770134E-002,-1.543812290160512E-001,-2.354356550770134E-002,-1.543812290160512E-001,
5.228104215499899E+009,-2.614705395523644E-002,-1.574222369677147E-001,-2.614705395523644E-002,-1.574222369677147E-001,
5.337535822438821E+009,-2.999615694116778E-002,-1.600260619377956E-001,-2.999615694116778E-002,-1.600260619377956E-001,
5.449257987504287E+009,-3.273067458022970E-002,-1.622437436213802E-001,-3.273067458022970E-002,-1.622437436213802E-001,
5.563318655313743E+009,-3.572376883373248E-002,-1.656503268243424E-001,-3.572376883373248E-002,-1.656503268243424E-001,
5.679766774033207E+009,-3.934428113755933E-002,-1.676322189531041E-001,-3.934428113755933E-002,-1.676322189531041E-001,
5.798652316382962E+009,-4.236969521069275E-002,-1.699406223441584E-001,-4.236969521069275E-002,-1.699406223441584E-001,
5.920026301082923E+009,-4.567058684440290E-002,-1.733300346433569E-001,-4.567058684440290E-002,-1.733300346433569E-001,
6.043940814746885E+009,-4.955224756407039E-002,-1.753962521214439E-001,-4.955224756407039E-002,-1.753962521214439E-001,
6.170449034235055E+009,-5.248390567807983E-002,-1.775058282594275E-001,-5.248390567807983E-002,-1.775058282594275E-001,
6.299605249474443E+009,-5.562464092076982E-002,-1.807308917607229E-001,-5.562464092076982E-002,-1.807308917607229E-001,
6.431464886756929E+009,-5.996490761096517E-002,-1.830064377541844E-001,-5.996490761096517E-002,-1.830064377541844E-001,
6.566084532524983E+009,-6.347487062705406E-002,-1.850301702534778E-001,-6.347487062705406E-002,-1.850301702534778E-001,
6.703521957655251E+009,-6.655778160095952E-002,-1.870693460244556E-001,-6.655778160095952E-002,-1.870693460244556E-001,
6.843836142250444E+009,-7.017547800593253E-002,-1.900905678042562E-001,-7.017547800593253E-002,-1.900905678042562E-001,
6.987087300950141E+009,-7.434463849612651E-002,-1.925099931018502E-001,-7.434463849612651E-002,-1.925099931018502E-001,
7.133336908771395E+009,-7.814528841992728E-002,-1.942971599774847E-001,-7.814528841992728E-002,-1.942971599774847E-001,
7.282647727490209E+009,-8.188117226285868E-002,-1.960774460060015E-001,-8.188117226285868E-002,-1.960774460060015E-001,
7.435083832575221E+009,-8.530305501742357E-002,-1.978529905391561E-001,-8.530305501742357E-002,-1.978529905391561E-001,
7.590710640685147E+009,-8.856920393811082E-002,-2.002495001373072E-001,-8.856920393811082E-002,-2.002495001373072E-001,
7.749594937741785E+009,-9.257769729325835E-002,-2.019277035287939E-001,-9.257769729325835E-002,-2.019277035287939E-001,
7.911804907590622E+009,-9.608914542361922E-002,-2.041198886819568E-001,-9.608914542361922E-002,-2.041198886819568E-001,
8.077410161261354E+009,-1.002427479730704E-001,-2.058084542671670E-001,-1.002427479730704E-001,-2.058084542671670E-001,
8.246481766840870E+009,-1.038983413901080E-001,-2.074554171992530E-001,-1.038983413901080E-001,-2.074554171992530E-001,
8.419092279971513E+009,-1.078349053995572E-001,-2.090365632397767E-001,-1.078349053995572E-001,-2.090365632397767E-001,
8.595315774987719E+009,-1.115722838074746E-001,-2.101884420271309E-001,-1.115722838074746E-001,-2.101884420271309E-001,
8.775227876704388E+009,-1.154888396449129E-001,-2.113599880765750E-001,-1.154888396449129E-001,-2.113599880765750E-001,
8.958905792870632E+009,-1.190769402638420E-001,-2.122122505511473E-001,-1.190769402638420E-001,-2.122122505511473E-001,
9.146428347302822E+009,-1.225727677442241E-001,-2.123545959231840E-001,-1.225727677442241E-001,-2.123545959231840E-001,
9.337876013711161E+009,-1.264708951953295E-001,-2.139177796865097E-001,-1.264708951953295E-001,-2.139177796865097E-001,
9.533330950234287E+009,-1.300433817725527E-001,-2.133158703817152E-001,-1.300433817725527E-001,-2.133158703817152E-001,
9.732877034696749E+009,-1.337333669674083E-001,-2.131874317605846E-001,-1.337333669674083E-001,-2.131874317605846E-001,
9.936599900604454E+009,-1.380570477547108E-001,-2.130955077078566E-001,-1.380570477547108E-001,-2.130955077078566E-001,
1.014458697389356E+010,-1.422670818299358E-001,-2.130683401586523E-001,-1.422670818299358E-001,-2.130683401586523E-001,
1.035692751044859E+010,-1.468640235551206E-001,-2.134228465437735E-001,-1.468640235551206E-001,-2.134228465437735E-001,
1.057371263440579E+010,-1.501411467856662E-001,-2.135801433720347E-001,-1.501411467856662E-001,-2.135801433720347E-001,
1.079503537725833E+010,-1.541074812012714E-001,-2.127916424044662E-001,-1.541074812012714E-001,-2.127916424044662E-001,
1.102099071777997E+010,-1.576143383836092E-001,-2.116950297852534E-001,-1.576143383836092E-001,-2.116950297852534E-001,
1.125167562278435E+010,-1.622081118168691E-001,-2.109470758860063E-001,-1.622081118168691E-001,-2.109470758860063E-001,
1.148718908873753E+010,-1.669622840308340E-001,-2.104987798271900E-001,-1.669622840308340E-001,-2.104987798271900E-001,
1.172763218424143E+010,-1.709942486852227E-001,-2.082079159604733E-001,-1.709942486852227E-001,-2.082079159604733E-001,
1.197310809340661E+010,-1.768933076253491E-001,-2.078898285394539E-001,-1.768933076253491E-001,-2.078898285394539E-001,
1.222372216013282E+010,-1.800216969383313E-001,-2.063142472150927E-001,-1.800216969383313E-001,-2.063142472150927E-001,
1.247958193331646E+010,-1.862447261022531E-001,-2.039402891339433E-001,-1.862447261022531E-001,-2.039402891339433E-001,
1.274079721300426E+010,-1.907326269830717E-001,-2.045271742077289E-001,-1.907326269830717E-001,-2.045271742077289E-001,
1.300748009751303E+010,-1.962857975754558E-001,-2.014993917663613E-001,-1.962857975754558E-001,-2.014993917663613E-001,
1.327974503153573E+010,-2.020651913191135E-001,-2.009058737100933E-001,-2.020651913191135E-001,-2.009058737100933E-001,
1.355770885525442E+010,-2.074989359681280E-001,-1.990384713549734E-001,-2.074989359681280E-001,-1.990384713549734E-001,
1.384149085448120E+010,-2.123318732033174E-001,-1.978854859499189E-001,-2.123318732033174E-001,-1.978854859499189E-001,
1.413121281184877E+010,-2.192770604642422E-001,-1.972141800839413E-001,-2.192770604642422E-001,-1.972141800839413E-001,
1.442699905907235E+010,-2.251032140663255E-001,-1.947795110144802E-001,-2.251032140663255E-001,-1.947795110144802E-001,
1.472897653030561E+010,-2.301817093854531E-001,-1.944805308050313E-001,-2.301817093854531E-001,-1.944805308050313E-001,
1.503727481661337E+010,-2.369191851916979E-001,-1.937581421668799E-001,-2.369191851916979E-001,-1.937581421668799E-001,
1.535202622158452E+010,-2.431712275367896E-001,-1.912029627321335E-001,-2.431712275367896E-001,-1.912029627321335E-001,
1.567336581810895E+010,-2.487935283256841E-001,-1.898823646924304E-001,-2.487935283256841E-001,-1.898823646924304E-001,
1.600143150634299E+010,-2.543614262942119E-001,-1.896759695597294E-001,-2.543614262942119E-001,-1.896759695597294E-001,
1.633636407288800E+010,-2.605116748235834E-001,-1.888542872624434E-001,-2.605116748235834E-001,-1.888542872624434E-001,
1.667830725120785E+010,-2.668107687955777E-001,-1.888148554286824E-001,-2.668107687955777E-001,-1.888148554286824E-001,
1.702740778331081E+010,-2.728309674577724E-001,-1.886845572604186E-001,-2.728309674577724E-001,-1.886845572604186E-001,
1.738381548272271E+010,-2.776991887584898E-001,-1.871822040365765E-001,-2.776991887584898E-001,-1.871822040365765E-001,
1.774768329877812E+010,-2.830969251225893E-001,-1.859822115477849E-001,-2.830969251225893E-001,-1.859822115477849E-001,
1.811916738225725E+010,-2.876724148423515E-001,-1.845813356708258E-001,-2.876724148423515E-001,-1.845813356708258E-001,
1.849842715239673E+010,-2.909772343587355E-001,-1.841054575138754E-001,-2.909772343587355E-001,-1.841054575138754E-001,
1.888562536530301E+010,-2.950688584183960E-001,-1.819206598033549E-001,-2.950688584183960E-001,-1.819206598033549E-001,
1.928092818379779E+010,-2.996987327109484E-001,-1.793438217841720E-001,-2.996987327109484E-001,-1.793438217841720E-001,
1.968450524872536E+010,-3.039490868329238E-001,-1.782021884601908E-001,-3.039490868329238E-001,-1.782021884601908E-001,
2.009652975175254E+010,-3.050587491926050E-001,-1.788633975885776E-001,-3.050587491926050E-001,-1.788633975885776E-001,
2.051717850969239E+010,-3.065295947512706E-001,-1.749559713455955E-001,-3.065295947512706E-001,-1.749559713455955E-001,
2.094663204038366E+010,-3.110290772357043E-001,-1.737046335771744E-001,-3.110290772357043E-001,-1.737046335771744E-001,
2.138507464015848E+010,-3.103723894565100E-001,-1.716405836069057E-001,-3.103723894565100E-001,-1.716405836069057E-001,
2.183269446293157E+010,-3.155306864983067E-001,-1.693486954562064E-001,-3.155306864983067E-001,-1.693486954562064E-001,
2.228968360094489E+010,-3.171040745888000E-001,-1.692382565832472E-001,-3.171040745888000E-001,-1.692382565832472E-001,
2.275623816720238E+010,-3.206903645470672E-001,-1.658477180666010E-001,-3.206903645470672E-001,-1.658477180666010E-001,
2.323255837963022E+010,-3.223491482883659E-001,-1.645727397696368E-001,-3.223491482883659E-001,-1.645727397696368E-001,
2.371884864699861E+010,-3.277901421145963E-001,-1.639580278434636E-001,-3.277901421145963E-001,-1.639580278434636E-001,
2.421531765664209E+010,-3.327242591421053E-001,-1.653476523061332E-001,-3.327242591421053E-001,-1.653476523061332E-001,
2.472217846401591E+010,-3.368657887255467E-001,-1.643682340523041E-001,-3.368657887255467E-001,-1.643682340523041E-001,
2.523964858412701E+010,-3.448680064221421E-001,-1.660748852397952E-001,-3.448680064221421E-001,-1.660748852397952E-001,
2.576795008487867E+010,-3.517979094314286E-001,-1.669036312459542E-001,-3.517979094314286E-001,-1.669036312459542E-001,
2.630730968236913E+010,-3.572158144142097E-001,-1.682658242704450E-001,-3.572158144142097E-001,-1.682658242704450E-001,
2.685795883818483E+010,-3.619311173793194E-001,-1.759733535958840E-001,-3.619311173793194E-001,-1.759733535958840E-001,
2.742013385873019E+010,-3.652137740376035E-001,-1.846696879101604E-001,-3.652137740376035E-001,-1.846696879101604E-001,
2.799407599663654E+010,-3.662986493798667E-001,-1.903813904154148E-001,-3.662986493798667E-001,-1.903813904154148E-001,
2.858003155429355E+010,-3.698114986902505E-001,-1.937010217909176E-001,-3.698114986902505E-001,-1.937010217909176E-001,
2.917825198954789E+010,-3.720758503297394E-001,-2.063094106739177E-001,-3.720758503297394E-001,-2.063094106739177E-001,
2.978899402361419E+010,-3.648296325614522E-001,-2.172244128227992E-001,-3.648296325614522E-001,-2.172244128227992E-001,
3.041251975124476E+010,-3.632418521376777E-001,-2.172873354017602E-001,-3.632418521376777E-001,-2.172873354017602E-001,
3.104909675320535E+010,-3.549149470100897E-001,-2.236279761780862E-001,-3.549149470100897E-001,-2.236279761780862E-001,
3.169899821110511E+010,-3.499143837418959E-001,-2.276135754598098E-001,-3.499143837418959E-001,-2.276135754598098E-001,
3.236250302463025E+010,-3.351731376016410E-001,-2.293020185558403E-001,-3.351731376016410E-001,-2.293020185558403E-001,
3.303989593123136E+010,-3.247040782750756E-001,-2.300173767278812E-001,-3.247040782750756E-001,-2.300173767278812E-001,
3.373146762831615E+010,-3.123189643434926E-001,-2.291984904408121E-001,-3.123189643434926E-001,-2.291984904408121E-001,
3.443751489799971E+010,-3.040376281870406E-001,-2.215221440188080E-001,-3.040376281870406E-001,-2.215221440188080E-001,
3.515834073446610E+010,-2.951273061271747E-001,-2.176442336916779E-001,-2.951273061271747E-001,-2.176442336916779E-001,
3.589425447399565E+010,-2.917144912399795E-001,-2.096686840049812E-001,-2.917144912399795E-001,-2.096686840049812E-001,
3.664557192771407E+010,-2.789889829580755E-001,-2.035643499262277E-001,-2.789889829580755E-001,-2.035643499262277E-001,
3.741261551712006E+010,-2.842677203046088E-001,-1.942438059134891E-001,-2.842677203046088E-001,-1.942438059134891E-001,
3.819571441244975E+010,-2.814281225718880E-001,-1.982679490631539E-001,-2.814281225718880E-001,-1.982679490631539E-001,
3.899520467393736E+010,-2.823382954150220E-001,-1.911324154113093E-001,-2.823382954150220E-001,-1.911324154113093E-001,
3.981142939603255E+010,-2.844761988978798E-001,-1.945608078692828E-001,-2.844761988978798E-001,-1.945608078692828E-001,
4.064473885463650E+010,-2.833657168707972E-001,-1.913210124736485E-001,-2.833657168707972E-001,-1.913210124736485E-001,
4.149549065741983E+010,-2.765328862278980E-001,-1.942056195928191E-001,-2.765328862278980E-001,-1.942056195928191E-001,
4.236404989728691E+010,-2.662100009832655E-001,-1.981489821287864E-001,-2.662100009832655E-001,-1.981489821287864E-001,
4.325078930905235E+010,-2.560567273732605E-001,-1.964603375701975E-001,-2.560567273732605E-001,-1.964603375701975E-001,
4.415608942939697E+010,-2.430046135472828E-001,-1.923297930030119E-001,-2.430046135472828E-001,-1.923297930030119E-001,
4.508033876017195E+010,-2.284440667009231E-001,-1.753707690594321E-001,-2.284440667009231E-001,-1.753707690594321E-001,
4.602393393512102E+010,-2.187650665993050E-001,-1.489111989423896E-001,-2.187650665993050E-001,-1.489111989423896E-001,
4.698727989009248E+010,-2.139218854618499E-001,-1.326148892458674E-001,-2.139218854618499E-001,-1.326148892458674E-001,
4.797079003681400E+010,-2.107208426040978E-001,-9.923243850026214E-002,-2.107208426040978E-001,-9.923243850026214E-002,
4.897488644030473E+010,-2.173056841780349E-001,-7.572789438809388E-002,-2.173056841780349E-001,-7.572789438809388E-002,
5.000000000000000E+010,-2.342066338633499E-001,-4.324684794651280E-002,-2.342066338633499E-001,-4.324684794651280E-002,
